T0300  0.90971  0.82651  0.81150
T0384  0.99671  0.95073  0.95288
T0371  0.99536  0.98092  0.98015
T0380  0.99183  0.92794  0.92972
T0367  0.98628  0.96886  0.94884
T0301  0.98629  0.91350  0.91049
T0378  0.98676  0.91530  0.87914
T0383  0.94950  0.83849  0.77996
T0338  0.98486  0.69180  0.73406
T0316  0.98032  0.94674  0.92939
T0350  0.91698  0.42739  0.44628
T0360  0.98720  0.96147  0.95675
T0310  0.97231  0.86645  0.93387
T0327  0.94748  0.92657  0.89086
T0353  0.92787  0.45622  0.47924
T0326  0.99701  0.99419  0.99158
T0366  0.96881  0.97303  0.94362
T0375  0.98918  0.97281  0.95779
T0358  0.93917  0.36189  0.46654
T0346  0.99919  0.99663  0.99537
T0304  0.95421  0.66589  0.67044
T0345  0.99620  0.99435  0.98987
T0296  0.92628  0.63787  0.54663
T0319  0.91276  0.66670  0.60182
T0332  0.99074  0.98338  0.97554
T0359  0.98937  0.91820  0.90551
T0311  0.97515  0.96533  0.94237
T0293  0.99311  0.94658  0.94304
T0381  0.99525  0.98282  0.97581
T0373  0.97606  0.92306  0.92848
T0328  0.99653  0.98765  0.98122
T0305  0.99876  0.99775  0.99573
T0335  0.95027  0.75813  0.71635
T0325  0.95713  0.95189  0.92982
T0313  0.99739  0.93710  0.93611
T0288  0.98880  0.97060  0.95662
T0342  0.99118  0.99310  0.98928
T0341  0.99771  0.93141  0.93563
T0330  0.98916  0.95753  0.95149
T0307  0.94608  0.53632  0.53760
T0362  0.99388  0.96109  0.96557
T0339  0.99786  0.96723  0.97583
T0354  0.91190  0.63046  0.64444
T0323  0.99351  0.95298  0.93959
T0357  0.97606  0.92875  0.93091
T0374  0.98403  0.93319  0.92479
T0364  0.99327  0.97490  0.96843
T0324  0.99524  0.98291  0.97660
T0365  0.98421  0.91518  0.90838
T0376  0.99642  0.98157  0.97753
T0331  0.97783  0.93668  0.94035
T0315  0.99780  0.99540  0.99250
T0314  0.87934  0.07021  0.27423
T0370  0.98282  0.94171  0.92914
T0363  0.96478  0.89277  0.86476
T0340  0.99202  0.95178  0.95738
T0372  0.98816  0.95976  0.94345
T0356  0.94788  0.61217  0.56193
T0292  0.99597  0.88214  0.88582
T0297  0.99366  0.95442  0.94179
T0379  0.99418  0.95059  0.95276
T0290  0.99819  0.99535  0.99317
T0289  0.99038  0.93770  0.93093
T0291  0.99370  0.94767  0.95462
T0349  0.96582  0.95638  0.91055
T0298  0.99822  0.97320  0.97162
T0283  0.85497  0.51726  0.49947
T0322  0.99282  0.97271  0.96598
T0361  0.94129  0.63096  0.63021
T0351  0.94899  0.32250  0.37037
T0306  0.84309  0.23763  0.31990
T0303  0.99182  0.98131  0.96922
T0318  0.99887  0.99389  0.99353
T0321  0.87449  0.89169  0.78256
T0302  0.99598  0.96191  0.96586
T0382  0.92990  0.66724  0.59339
T0368  0.97283  0.93182  0.90402
T0309  0.88354  0.01082  0.15103
T0348  0.97207  0.83757  0.83335
T0385  0.98045  0.99030  0.96567
T0312  0.95255  0.87832  0.84244
T0329  0.99191  0.96728  0.96648
T0308  0.98870  0.88189  0.88754
T0317  0.98902  0.98929  0.97377
T0299  0.91656  0.16271  0.19507
T0347  0.96530  0.77751  0.74283
