6 8
6 56
6 58
6 68
6 109
6 110
6 111
6 112
7 56
8 6
8 10
8 31
8 56
8 57
8 58
8 68
9 24
9 27
9 28
9 31
9 55
9 56
9 57
9 58
10 8
10 12
10 20
10 24
10 57
10 58
10 59
10 60
11 13
11 16
11 17
11 20
11 21
11 23
11 24
11 57
11 58
11 59
11 60
11 146
11 149
11 177
11 195
12 10
12 14
12 15
12 16
12 20
12 59
12 60
12 61
12 62
12 64
12 150
13 11
13 15
13 16
13 20
13 59
13 60
13 61
13 146
13 147
13 149
13 150
13 153
14 12
14 16
14 61
14 62
14 150
15 12
15 13
15 17
15 20
15 62
16 11
16 12
16 13
16 14
16 20
16 21
16 146
16 195
17 11
17 15
17 19
17 20
17 21
17 195
18 20
18 21
18 22
18 192
18 193
18 195
19 17
19 21
19 22
19 23
20 10
20 11
20 12
20 13
20 15
20 16
20 17
20 18
20 22
20 23
20 24
21 11
21 16
21 17
21 18
21 19
21 23
21 24
21 25
21 146
21 177
21 178
21 181
21 187
21 188
21 191
21 192
21 195
22 18
22 19
22 20
22 24
22 25
22 26
22 188
22 192
23 11
23 19
23 20
23 21
23 25
23 26
23 27
24 9
24 10
24 11
24 20
24 21
24 22
24 26
24 27
24 28
24 57
24 58
24 59
24 178
25 21
25 22
25 23
25 27
25 28
25 29
25 178
25 181
25 182
25 188
25 192
26 22
26 23
26 24
26 28
26 29
26 30
26 33
27 9
27 23
27 24
27 25
27 29
27 30
27 31
28 9
28 24
28 25
28 26
28 30
28 31
28 32
28 55
28 57
28 76
28 178
28 182
28 255
29 25
29 26
29 27
29 31
29 32
29 33
29 38
29 42
29 43
29 182
29 254
29 255
30 26
30 27
30 28
30 32
30 33
31 8
31 9
31 27
31 28
31 29
31 33
31 52
31 55
31 56
31 57
32 28
32 29
32 30
32 45
32 55
32 73
32 76
32 255
33 26
33 29
33 30
33 31
33 35
33 38
33 43
33 44
33 45
33 73
33 255
34 36
34 37
34 38
34 44
34 45
34 46
34 47
34 50
34 73
35 33
35 37
35 38
35 46
35 50
35 73
36 34
36 38
37 34
37 35
37 43
37 44
37 46
37 258
38 29
38 33
38 34
38 35
38 36
38 40
38 41
38 42
38 43
38 44
38 256
38 263
38 265
39 41
39 42
39 43
39 44
39 219
39 220
39 256
39 259
39 263
39 264
39 265
39 266
40 38
40 42
40 219
40 220
40 221
40 222
40 223
40 224
40 225
40 226
40 246
40 250
40 256
40 263
40 264
40 265
40 266
41 38
41 39
41 43
41 250
41 265
41 266
42 29
42 38
42 39
42 40
42 44
42 219
42 246
42 249
42 250
42 253
42 254
42 255
42 256
43 29
43 33
43 37
43 38
43 39
43 41
43 250
43 254
43 255
43 256
44 33
44 34
44 37
44 38
44 39
44 42
44 46
44 216
44 220
44 255
44 256
44 257
44 258
44 259
44 260
44 263
45 32
45 33
45 34
45 73
45 74
45 75
45 76
45 183
45 212
45 255
45 256
45 257
45 258
46 34
46 35
46 37
46 44
46 48
46 50
46 73
46 74
46 257
46 258
47 34
47 49
47 50
47 73
47 74
47 258
48 46
48 50
48 53
48 72
48 73
48 74
49 47
49 51
49 53
50 34
50 35
50 46
50 47
50 48
50 52
50 53
50 73
50 74
51 49
51 53
51 73
52 31
52 50
52 54
52 55
52 73
53 48
53 49
53 50
53 51
53 72
53 73
53 105
54 52
54 56
54 70
54 71
54 72
54 73
54 79
54 99
54 101
54 102
54 105
54 106
54 109
55 9
55 28
55 31
55 32
55 52
55 57
55 70
55 71
55 72
55 73
55 76
56 6
56 7
56 8
56 9
56 31
56 54
56 58
56 68
56 69
56 70
56 71
56 109
56 110
57 8
57 9
57 10
57 11
57 24
57 28
57 31
57 55
57 59
57 68
57 69
57 71
57 178
58 6
58 8
58 9
58 10
58 11
58 24
58 56
58 60
58 66
58 67
58 68
58 69
59 10
59 11
59 12
59 13
59 24
59 57
59 66
59 67
59 68
59 69
59 149
59 153
59 170
59 174
59 178
60 10
60 11
60 12
60 13
60 58
60 64
60 65
60 66
60 153
61 12
61 13
61 14
61 63
61 64
61 65
61 66
61 150
61 151
61 153
61 154
61 157
62 12
62 14
62 15
62 64
62 150
63 61
63 65
64 12
64 60
64 61
64 62
64 66
65 60
65 61
65 63
65 67
65 153
65 154
65 157
65 159
66 58
66 59
66 60
66 61
66 64
66 68
66 153
66 157
67 58
67 59
67 65
67 69
67 81
67 82
67 83
67 92
67 153
67 156
67 157
67 170
68 6
68 8
68 56
68 57
68 58
68 59
68 66
68 70
68 81
68 82
68 110
69 56
69 57
69 58
69 59
69 67
69 71
69 78
69 80
69 81
69 110
69 170
69 171
69 174
69 175
69 178
70 54
70 55
70 56
70 68
70 72
70 78
70 79
70 80
70 81
70 105
70 106
70 109
70 110
71 54
71 55
71 56
71 57
71 69
71 73
71 76
71 77
71 78
71 79
71 175
71 178
71 179
72 48
72 53
72 54
72 55
72 70
72 74
72 75
72 76
72 77
72 78
72 79
72 102
73 32
73 33
73 34
73 35
73 45
73 46
73 47
73 48
73 50
73 51
73 52
73 53
73 54
73 55
73 71
73 75
73 76
74 45
74 46
74 47
74 48
74 50
74 72
74 76
74 257
74 258
75 45
75 72
75 73
75 77
75 183
75 212
75 257
76 28
76 32
76 45
76 55
76 71
76 72
76 73
76 74
76 78
76 179
76 182
76 183
76 212
76 255
77 71
77 72
77 75
77 79
77 126
77 128
77 175
77 179
77 180
77 183
77 212
77 257
78 69
78 70
78 71
78 72
78 76
78 80
78 81
78 94
78 126
78 171
78 175
78 178
78 179
79 54
79 70
79 71
79 72
79 77
79 93
79 94
79 97
79 102
79 106
79 126
80 69
80 70
80 78
80 92
80 93
80 94
80 97
80 106
80 110
80 122
81 67
81 68
81 69
81 70
81 78
81 83
81 90
81 91
81 92
81 94
81 110
81 120
81 122
81 124
81 156
81 162
81 167
81 170
81 171
82 67
82 68
82 89
82 90
82 91
82 92
82 110
82 111
83 67
83 81
83 85
83 89
83 90
83 91
83 92
83 118
83 120
83 156
83 157
83 158
83 159
83 162
84 86
84 87
84 88
84 89
84 90
84 157
84 158
85 83
85 87
85 88
85 89
85 90
85 118
85 157
85 158
85 159
85 160
86 84
86 88
86 118
86 158
87 84
87 85
88 84
88 85
88 86
88 90
88 116
88 117
88 118
89 82
89 83
89 84
89 85
89 91
89 110
89 111
89 112
89 116
89 117
89 118
90 81
90 82
90 83
90 84
90 85
90 88
90 92
90 111
90 117
90 118
90 119
90 120
90 156
90 157
90 158
90 159
90 160
90 161
90 162
91 81
91 82
91 83
91 89
91 93
91 106
91 107
91 110
91 111
91 117
91 118
91 119
91 120
91 121
92 67
92 80
92 81
92 82
92 83
92 90
92 94
92 110
92 119
92 120
92 121
92 122
92 156
92 162
92 167
93 79
93 80
93 91
93 95
93 97
93 103
93 104
93 106
93 107
93 110
93 121
93 122
94 78
94 79
94 80
94 81
94 92
94 96
94 97
94 103
94 121
94 122
94 124
94 125
94 126
94 131
94 167
94 171
95 93
95 97
95 103
95 122
95 123
95 124
95 125
96 94
96 98
96 103
96 125
96 126
96 127
96 130
97 79
97 80
97 93
97 94
97 95
97 99
97 102
97 103
97 106
97 126
98 96
98 100
98 102
98 103
99 54
99 97
99 101
99 102
99 103
99 105
100 98
100 102
100 103
100 104
101 54
101 99
101 103
101 104
101 105
102 54
102 72
102 79
102 97
102 98
102 99
102 100
102 104
102 105
102 106
103 93
103 94
103 95
103 96
103 97
103 98
103 99
103 100
103 101
103 105
103 106
103 107
103 121
104 93
104 100
104 101
104 102
104 106
104 107
104 108
105 53
105 54
105 70
105 99
105 101
105 102
105 103
105 107
105 108
105 109
106 54
106 70
106 79
106 80
106 91
106 93
106 97
106 102
106 103
106 104
106 108
106 109
106 110
107 91
107 93
107 103
107 104
107 105
107 109
107 110
107 111
107 117
107 119
108 104
108 105
108 106
108 110
108 111
108 112
108 117
109 6
109 54
109 56
109 70
109 105
109 106
109 107
109 111
109 112
110 6
110 56
110 68
110 69
110 70
110 80
110 81
110 82
110 89
110 91
110 92
110 93
110 106
110 107
110 108
110 112
111 6
111 82
111 89
111 90
111 91
111 107
111 108
111 109
111 113
111 117
112 6
112 89
112 108
112 109
112 110
112 114
112 117
113 111
113 115
113 116
113 117
114 112
114 116
114 117
115 113
115 117
116 88
116 89
116 113
116 114
117 88
117 89
117 90
117 91
117 107
117 108
117 111
117 112
117 113
117 114
117 115
117 119
118 83
118 85
118 86
118 88
118 89
118 90
118 91
118 120
119 90
119 91
119 92
119 107
119 117
119 121
120 81
120 83
120 90
120 91
120 92
120 118
120 122
120 123
120 161
120 162
120 164
120 167
121 91
121 92
121 93
121 94
121 103
121 119
121 123
122 80
122 81
122 92
122 93
122 94
122 95
122 120
122 124
122 125
122 134
122 162
122 167
122 171
123 95
123 120
123 121
123 134
123 164
123 167
124 81
124 94
124 95
124 122
124 126
124 130
124 131
124 134
124 162
124 164
124 167
124 168
124 171
125 94
125 95
125 96
125 122
125 127
125 130
125 131
126 77
126 78
126 79
126 94
126 96
126 97
126 124
126 130
126 131
126 175
127 96
127 125
127 129
127 130
127 131
128 77
128 130
128 131
128 132
128 139
128 172
128 175
128 176
128 179
128 180
128 183
128 209
128 210
129 127
129 131
129 132
129 133
129 139
130 96
130 124
130 125
130 126
130 127
130 128
130 132
130 133
130 134
131 94
131 124
131 125
131 126
131 127
131 128
131 129
131 133
131 134
131 135
131 168
131 169
131 171
131 172
131 175
132 128
132 129
132 130
132 134
132 135
132 136
132 137
132 138
132 139
132 142
132 168
132 172
132 176
133 129
133 130
133 131
133 135
133 136
134 122
134 123
134 124
134 130
134 131
134 132
134 136
134 164
134 165
134 168
135 131
135 132
135 133
135 137
135 138
135 139
135 142
135 165
135 168
135 169
135 172
136 132
136 133
136 134
136 138
136 165
137 132
137 135
137 139
137 141
137 142
137 143
137 165
137 169
137 200
138 132
138 135
138 136
138 140
138 141
138 142
139 128
139 129
139 132
139 135
139 137
139 141
139 142
139 144
139 172
139 175
139 176
139 180
139 201
139 205
139 206
139 207
139 209
139 210
140 138
140 142
140 200
140 201
140 206
141 137
141 138
141 139
141 143
141 200
141 201
142 132
142 135
142 137
142 138
142 139
142 140
142 144
142 169
142 172
142 173
142 176
142 200
142 201
143 137
143 141
143 145
143 148
143 173
143 198
143 199
143 200
143 201
144 139
144 142
144 148
144 172
144 173
144 176
144 177
144 187
144 191
144 198
144 199
144 200
144 201
144 205
144 209
145 143
145 147
145 148
145 149
145 177
145 191
145 197
145 198
145 199
146 11
146 13
146 16
146 21
146 148
146 149
146 150
146 177
146 191
146 195
146 196
147 13
147 145
147 149
147 150
147 151
147 195
147 196
147 197
147 198
148 143
148 144
148 145
148 146
148 150
148 151
148 152
148 169
148 173
148 177
148 198
148 199
149 11
149 13
149 59
149 145
149 146
149 147
149 151
149 152
149 153
149 170
149 173
149 174
149 177
149 178
150 12
150 13
150 14
150 61
150 62
150 146
150 147
150 148
150 152
150 153
150 154
150 170
151 61
151 147
151 148
151 149
151 153
151 154
151 155
152 148
152 149
152 150
152 154
152 155
152 156
152 170
152 173
153 13
153 59
153 60
153 61
153 65
153 66
153 67
153 149
153 150
153 151
153 155
153 156
153 157
153 170
154 61
154 65
154 150
154 151
154 152
154 156
154 157
155 151
155 152
155 153
155 157
155 159
155 162
155 166
156 67
156 81
156 83
156 90
156 92
156 152
156 153
156 154
156 158
156 159
156 162
156 166
156 167
156 170
156 171
157 61
157 65
157 66
157 67
157 83
157 84
157 85
157 90
157 153
157 154
157 155
157 159
158 83
158 84
158 85
158 86
158 90
158 156
159 65
159 83
159 85
159 90
159 155
159 156
159 157
159 161
159 162
160 85
160 90
160 162
161 90
161 120
161 159
161 163
162 81
162 83
162 90
162 92
162 120
162 122
162 124
162 155
162 156
162 159
162 160
162 164
162 166
162 167
163 161
163 165
163 166
163 167
164 120
164 123
164 124
164 134
164 162
164 166
164 167
164 168
165 134
165 135
165 136
165 137
165 163
165 167
165 168
165 169
166 155
166 156
166 162
166 163
166 164
166 168
166 169
166 170
167 81
167 92
167 94
167 120
167 122
167 123
167 124
167 156
167 162
167 163
167 164
167 165
167 169
167 170
167 171
168 124
168 131
168 132
168 134
168 135
168 164
168 165
168 166
168 170
168 171
168 172
169 131
169 135
169 137
169 142
169 148
169 165
169 166
169 167
169 171
169 172
169 173
170 59
170 67
170 69
170 81
170 149
170 150
170 152
170 153
170 156
170 166
170 167
170 168
170 172
170 173
170 174
171 69
171 78
171 81
171 94
171 122
171 124
171 131
171 156
171 167
171 168
171 169
171 173
171 174
171 175
172 128
172 131
172 132
172 135
172 139
172 142
172 144
172 168
172 169
172 170
172 174
172 175
172 176
173 142
173 143
173 144
173 148
173 149
173 152
173 169
173 170
173 171
173 175
173 176
173 177
174 59
174 69
174 149
174 170
174 171
174 172
174 176
174 177
174 178
175 69
175 71
175 77
175 78
175 126
175 128
175 131
175 139
175 171
175 172
175 173
175 177
175 178
175 179
175 180
175 183
176 128
176 132
176 139
176 142
176 144
176 172
176 173
176 174
176 178
176 179
176 180
176 181
176 187
176 201
176 205
176 206
176 209
177 11
177 21
177 144
177 145
177 146
177 148
177 149
177 173
177 174
177 175
177 179
177 180
177 181
177 187
177 191
177 195
177 199
178 21
178 24
178 25
178 28
178 57
178 59
178 69
178 71
178 78
178 149
178 174
178 175
178 176
178 180
178 181
178 182
179 71
179 76
179 77
179 78
179 128
179 175
179 176
179 177
179 181
179 182
179 183
180 77
180 128
180 139
180 175
180 176
180 177
180 178
180 182
180 183
180 184
180 187
180 209
180 210
180 212
181 21
181 25
181 176
181 177
181 178
181 179
181 183
181 184
181 185
181 187
181 188
181 191
182 25
182 28
182 29
182 76
182 178
182 179
182 180
182 184
182 188
182 254
182 255
183 45
183 75
183 76
183 77
183 128
183 175
183 179
183 180
183 181
183 187
183 209
183 212
183 253
183 254
183 255
184 180
184 181
184 182
184 186
184 187
184 188
184 208
184 209
184 211
184 212
184 215
184 249
184 252
184 253
184 254
185 181
185 187
185 188
185 189
185 192
185 251
185 252
185 253
185 254
186 184
186 188
186 189
186 190
186 202
186 204
186 205
186 208
186 236
186 252
187 21
187 144
187 176
187 177
187 180
187 181
187 183
187 184
187 185
187 189
187 190
187 191
187 199
187 205
187 208
187 209
188 21
188 22
188 25
188 181
188 182
188 184
188 185
188 186
188 190
188 191
188 192
189 185
189 186
189 187
189 191
189 192
189 193
189 252
190 186
190 187
190 188
190 192
190 193
190 194
190 199
190 201
190 202
190 205
191 21
191 144
191 145
191 146
191 177
191 181
191 187
191 188
191 189
191 193
191 194
191 195
191 199
192 18
192 21
192 22
192 25
192 185
192 188
192 189
192 190
192 194
192 195
193 18
193 189
193 190
193 191
193 195
194 190
194 191
194 192
194 196
194 197
194 198
194 199
195 11
195 16
195 17
195 18
195 21
195 146
195 147
195 177
195 191
195 192
195 193
195 197
196 146
196 147
196 194
197 145
197 147
197 194
197 195
197 199
198 143
198 144
198 145
198 147
198 148
198 194
199 143
199 144
199 145
199 148
199 177
199 187
199 190
199 191
199 194
199 197
199 201
199 205
200 137
200 140
200 141
200 142
200 143
200 144
200 202
201 139
201 140
201 141
201 142
201 143
201 144
201 176
201 190
201 199
201 205
201 206
201 209
202 186
202 190
202 200
202 204
202 205
202 206
202 235
202 236
202 237
202 238
203 205
203 206
203 207
203 234
203 235
203 236
203 237
203 238
204 186
204 202
204 206
204 207
204 208
204 234
204 235
204 236
204 241
204 249
204 252
205 139
205 144
205 176
205 186
205 187
205 190
205 199
205 201
205 202
205 203
205 207
205 208
205 209
206 139
206 140
206 176
206 201
206 202
206 203
206 204
206 208
206 209
206 210
207 139
207 203
207 204
207 205
207 209
207 210
207 211
207 214
207 215
207 233
207 234
207 241
208 184
208 186
208 187
208 204
208 205
208 206
208 210
208 211
208 212
208 215
208 233
208 241
208 249
208 252
208 253
209 128
209 139
209 144
209 176
209 180
209 183
209 184
209 187
209 201
209 205
209 206
209 207
209 211
209 212
210 128
210 139
210 180
210 206
210 207
210 208
210 212
211 184
211 207
211 208
211 209
211 213
211 214
211 215
211 231
211 233
212 45
212 75
212 76
212 77
212 180
212 183
212 184
212 208
212 209
212 210
212 214
212 215
212 216
212 253
212 255
212 256
212 257
213 211
213 215
213 216
213 217
213 257
214 207
214 211
214 212
214 216
214 217
214 218
214 231
214 232
214 233
214 234
215 184
215 207
215 208
215 211
215 212
215 213
215 217
215 218
215 219
215 231
215 233
215 249
215 253
215 256
216 44
216 212
216 213
216 214
216 218
216 219
216 220
216 256
216 257
216 258
216 259
217 213
217 214
217 215
217 219
217 220
217 221
217 231
217 259
218 214
218 215
218 216
218 220
218 221
218 222
218 227
218 228
218 229
218 231
219 39
219 40
219 42
219 215
219 216
219 217
219 221
219 222
219 227
219 231
219 246
219 249
219 250
219 253
219 256
219 263
220 39
220 40
220 44
220 216
220 217
220 218
220 222
220 256
220 259
220 260
220 261
220 262
220 263
221 40
221 217
221 218
221 219
221 223
221 228
221 259
221 263
222 40
222 218
222 219
222 220
222 224
222 225
222 226
222 227
222 228
222 246
222 264
223 40
223 221
223 225
223 226
223 227
223 228
223 264
224 40
224 222
224 226
224 264
225 40
225 222
225 223
225 227
225 245
225 246
225 264
226 40
226 222
226 223
226 224
226 228
226 244
226 245
226 246
227 218
227 219
227 222
227 223
227 225
227 229
227 230
227 231
227 243
227 244
227 245
227 246
227 248
227 249
228 218
228 221
228 222
228 223
228 226
228 230
229 218
229 227
229 231
230 227
230 228
230 232
230 242
230 243
230 244
231 211
231 214
231 215
231 217
231 218
231 219
231 227
231 229
231 233
231 242
231 243
231 249
232 214
232 230
232 234
232 240
232 241
232 242
232 243
233 207
233 208
233 211
233 214
233 215
233 231
233 235
233 240
233 241
233 242
233 243
233 249
234 203
234 204
234 207
234 214
234 232
234 238
234 239
234 240
234 241
235 202
235 203
235 204
235 233
235 237
235 238
235 239
235 240
235 241
236 186
236 202
236 203
236 204
236 238
237 202
237 203
237 235
237 239
238 202
238 203
238 234
238 235
238 236
239 234
239 235
239 237
239 241
240 232
240 233
240 234
240 235
240 242
241 204
241 207
241 208
241 232
241 233
241 234
241 235
241 239
241 243
241 248
241 249
241 252
242 230
242 231
242 232
242 233
242 240
242 244
243 227
243 230
243 231
243 232
243 233
243 241
243 245
243 246
243 248
243 249
244 226
244 227
244 230
244 242
244 248
245 225
245 226
245 227
245 243
245 247
245 248
246 40
246 42
246 219
246 222
246 225
246 226
246 227
246 243
246 248
246 249
246 250
246 266
247 245
247 249
247 250
247 251
248 227
248 241
248 243
248 244
248 245
248 246
248 250
248 251
249 42
249 184
249 204
249 208
249 215
249 219
249 227
249 231
249 233
249 241
249 243
249 246
249 247
249 251
249 252
249 253
250 40
250 41
250 42
250 43
250 219
250 246
250 247
250 248
250 252
250 253
251 185
251 247
251 248
251 249
251 253
252 184
252 185
252 186
252 189
252 204
252 208
252 241
252 249
252 250
253 42
253 183
253 184
253 185
253 208
253 212
253 215
253 219
253 249
253 250
253 251
253 255
253 256
254 29
254 42
254 43
254 182
254 183
254 184
254 185
255 28
255 29
255 32
255 33
255 42
255 43
255 44
255 45
255 76
255 182
255 183
255 212
255 253
255 257
256 38
256 39
256 40
256 42
256 43
256 44
256 45
256 212
256 215
256 216
256 219
256 220
256 253
256 258
256 259
256 263
257 44
257 45
257 46
257 74
257 75
257 77
257 212
257 213
257 216
257 255
257 259
258 37
258 44
258 45
258 46
258 47
258 74
258 216
258 256
258 260
259 39
259 44
259 216
259 217
259 220
259 221
259 256
259 257
259 261
259 263
260 44
260 220
260 258
261 220
261 259
262 220
262 264
263 38
263 39
263 40
263 44
263 219
263 220
263 221
263 256
263 259
263 265
264 39
264 40
264 222
264 223
264 224
264 225
264 262
264 266
265 38
265 39
265 40
265 41
265 263
266 39
266 40
266 41
266 246
266 264
