8 10
8 58
8 60
8 70
8 111
8 112
8 113
8 114
9 58
10 8
10 12
10 33
10 58
10 59
10 60
10 70
11 26
11 29
11 30
11 33
11 57
11 58
11 59
11 60
12 10
12 14
12 22
12 26
12 59
12 60
12 61
12 62
13 15
13 18
13 19
13 22
13 23
13 25
13 26
13 59
13 60
13 61
13 62
13 148
13 151
13 179
13 197
14 12
14 16
14 17
14 18
14 22
14 61
14 62
14 63
14 64
14 66
14 152
15 13
15 17
15 18
15 22
15 61
15 62
15 63
15 148
15 149
15 151
15 152
15 155
16 14
16 18
16 63
16 64
16 152
17 14
17 15
17 19
17 22
17 64
18 13
18 14
18 15
18 16
18 22
18 23
18 148
18 197
19 13
19 17
19 21
19 22
19 23
19 197
20 22
20 23
20 24
20 194
20 195
20 197
21 19
21 23
21 24
21 25
22 12
22 13
22 14
22 15
22 17
22 18
22 19
22 20
22 24
22 25
22 26
23 13
23 18
23 19
23 20
23 21
23 25
23 26
23 27
23 148
23 179
23 180
23 183
23 189
23 190
23 193
23 194
23 197
24 20
24 21
24 22
24 26
24 27
24 28
24 190
24 194
25 13
25 21
25 22
25 23
25 27
25 28
25 29
26 11
26 12
26 13
26 22
26 23
26 24
26 28
26 29
26 30
26 59
26 60
26 61
26 180
27 23
27 24
27 25
27 29
27 30
27 31
27 180
27 183
27 184
27 190
27 194
28 24
28 25
28 26
28 30
28 31
28 32
28 35
29 11
29 25
29 26
29 27
29 31
29 32
29 33
30 11
30 26
30 27
30 28
30 32
30 33
30 34
30 57
30 59
30 78
30 180
30 184
30 257
31 27
31 28
31 29
31 33
31 34
31 35
31 40
31 44
31 45
31 184
31 256
31 257
32 28
32 29
32 30
32 34
32 35
33 10
33 11
33 29
33 30
33 31
33 35
33 54
33 57
33 58
33 59
34 30
34 31
34 32
34 47
34 57
34 75
34 78
34 257
35 28
35 31
35 32
35 33
35 37
35 40
35 45
35 46
35 47
35 75
35 257
36 38
36 39
36 40
36 46
36 47
36 48
36 49
36 52
36 75
37 35
37 39
37 40
37 48
37 52
37 75
38 36
38 40
39 36
39 37
39 45
39 46
39 48
39 260
40 31
40 35
40 36
40 37
40 38
40 42
40 43
40 44
40 45
40 46
40 258
40 265
40 267
41 43
41 44
41 45
41 46
41 221
41 222
41 258
41 261
41 265
41 266
41 267
41 268
42 40
42 44
42 221
42 222
42 223
42 224
42 225
42 226
42 227
42 228
42 248
42 252
42 258
42 265
42 266
42 267
42 268
43 40
43 41
43 45
43 252
43 267
43 268
44 31
44 40
44 41
44 42
44 46
44 221
44 248
44 251
44 252
44 255
44 256
44 257
44 258
45 31
45 35
45 39
45 40
45 41
45 43
45 252
45 256
45 257
45 258
46 35
46 36
46 39
46 40
46 41
46 44
46 48
46 218
46 222
46 257
46 258
46 259
46 260
46 261
46 262
46 265
47 34
47 35
47 36
47 75
47 76
47 77
47 78
47 185
47 214
47 257
47 258
47 259
47 260
48 36
48 37
48 39
48 46
48 50
48 52
48 75
48 76
48 259
48 260
49 36
49 51
49 52
49 75
49 76
49 260
50 48
50 52
50 55
50 74
50 75
50 76
51 49
51 53
51 55
52 36
52 37
52 48
52 49
52 50
52 54
52 55
52 75
52 76
53 51
53 55
53 75
54 33
54 52
54 56
54 57
54 75
55 50
55 51
55 52
55 53
55 74
55 75
55 107
56 54
56 58
56 72
56 73
56 74
56 75
56 81
56 101
56 103
56 104
56 107
56 108
56 111
57 11
57 30
57 33
57 34
57 54
57 59
57 72
57 73
57 74
57 75
57 78
58 8
58 9
58 10
58 11
58 33
58 56
58 60
58 70
58 71
58 72
58 73
58 111
58 112
59 10
59 11
59 12
59 13
59 26
59 30
59 33
59 57
59 61
59 70
59 71
59 73
59 180
60 8
60 10
60 11
60 12
60 13
60 26
60 58
60 62
60 68
60 69
60 70
60 71
61 12
61 13
61 14
61 15
61 26
61 59
61 68
61 69
61 70
61 71
61 151
61 155
61 172
61 176
61 180
62 12
62 13
62 14
62 15
62 60
62 66
62 67
62 68
62 155
63 14
63 15
63 16
63 65
63 66
63 67
63 68
63 152
63 153
63 155
63 156
63 159
64 14
64 16
64 17
64 66
64 152
65 63
65 67
66 14
66 62
66 63
66 64
66 68
67 62
67 63
67 65
67 69
67 155
67 156
67 159
67 161
68 60
68 61
68 62
68 63
68 66
68 70
68 155
68 159
69 60
69 61
69 67
69 71
69 83
69 84
69 85
69 94
69 155
69 158
69 159
69 172
70 8
70 10
70 58
70 59
70 60
70 61
70 68
70 72
70 83
70 84
70 112
71 58
71 59
71 60
71 61
71 69
71 73
71 80
71 82
71 83
71 112
71 172
71 173
71 176
71 177
71 180
72 56
72 57
72 58
72 70
72 74
72 80
72 81
72 82
72 83
72 107
72 108
72 111
72 112
73 56
73 57
73 58
73 59
73 71
73 75
73 78
73 79
73 80
73 81
73 177
73 180
73 181
74 50
74 55
74 56
74 57
74 72
74 76
74 77
74 78
74 79
74 80
74 81
74 104
75 34
75 35
75 36
75 37
75 47
75 48
75 49
75 50
75 52
75 53
75 54
75 55
75 56
75 57
75 73
75 77
75 78
76 47
76 48
76 49
76 50
76 52
76 74
76 78
76 259
76 260
77 47
77 74
77 75
77 79
77 185
77 214
77 259
78 30
78 34
78 47
78 57
78 73
78 74
78 75
78 76
78 80
78 181
78 184
78 185
78 214
78 257
79 73
79 74
79 77
79 81
79 128
79 130
79 177
79 181
79 182
79 185
79 214
79 259
80 71
80 72
80 73
80 74
80 78
80 82
80 83
80 96
80 128
80 173
80 177
80 180
80 181
81 56
81 72
81 73
81 74
81 79
81 95
81 96
81 99
81 104
81 108
81 128
82 71
82 72
82 80
82 94
82 95
82 96
82 99
82 108
82 112
82 124
83 69
83 70
83 71
83 72
83 80
83 85
83 92
83 93
83 94
83 96
83 112
83 122
83 124
83 126
83 158
83 164
83 169
83 172
83 173
84 69
84 70
84 91
84 92
84 93
84 94
84 112
84 113
85 69
85 83
85 87
85 91
85 92
85 93
85 94
85 120
85 122
85 158
85 159
85 160
85 161
85 164
86 88
86 89
86 90
86 91
86 92
86 159
86 160
87 85
87 89
87 90
87 91
87 92
87 120
87 159
87 160
87 161
87 162
88 86
88 90
88 120
88 160
89 86
89 87
90 86
90 87
90 88
90 92
90 118
90 119
90 120
91 84
91 85
91 86
91 87
91 93
91 112
91 113
91 114
91 118
91 119
91 120
92 83
92 84
92 85
92 86
92 87
92 90
92 94
92 113
92 119
92 120
92 121
92 122
92 158
92 159
92 160
92 161
92 162
92 163
92 164
93 83
93 84
93 85
93 91
93 95
93 108
93 109
93 112
93 113
93 119
93 120
93 121
93 122
93 123
94 69
94 82
94 83
94 84
94 85
94 92
94 96
94 112
94 121
94 122
94 123
94 124
94 158
94 164
94 169
95 81
95 82
95 93
95 97
95 99
95 105
95 106
95 108
95 109
95 112
95 123
95 124
96 80
96 81
96 82
96 83
96 94
96 98
96 99
96 105
96 123
96 124
96 126
96 127
96 128
96 133
96 169
96 173
97 95
97 99
97 105
97 124
97 125
97 126
97 127
98 96
98 100
98 105
98 127
98 128
98 129
98 132
99 81
99 82
99 95
99 96
99 97
99 101
99 104
99 105
99 108
99 128
100 98
100 102
100 104
100 105
101 56
101 99
101 103
101 104
101 105
101 107
102 100
102 104
102 105
102 106
103 56
103 101
103 105
103 106
103 107
104 56
104 74
104 81
104 99
104 100
104 101
104 102
104 106
104 107
104 108
105 95
105 96
105 97
105 98
105 99
105 100
105 101
105 102
105 103
105 107
105 108
105 109
105 123
106 95
106 102
106 103
106 104
106 108
106 109
106 110
107 55
107 56
107 72
107 101
107 103
107 104
107 105
107 109
107 110
107 111
108 56
108 72
108 81
108 82
108 93
108 95
108 99
108 104
108 105
108 106
108 110
108 111
108 112
109 93
109 95
109 105
109 106
109 107
109 111
109 112
109 113
109 119
109 121
110 106
110 107
110 108
110 112
110 113
110 114
110 119
111 8
111 56
111 58
111 72
111 107
111 108
111 109
111 113
111 114
112 8
112 58
112 70
112 71
112 72
112 82
112 83
112 84
112 91
112 93
112 94
112 95
112 108
112 109
112 110
112 114
113 8
113 84
113 91
113 92
113 93
113 109
113 110
113 111
113 115
113 119
114 8
114 91
114 110
114 111
114 112
114 116
114 119
115 113
115 117
115 118
115 119
116 114
116 118
116 119
117 115
117 119
118 90
118 91
118 115
118 116
119 90
119 91
119 92
119 93
119 109
119 110
119 113
119 114
119 115
119 116
119 117
119 121
120 85
120 87
120 88
120 90
120 91
120 92
120 93
120 122
121 92
121 93
121 94
121 109
121 119
121 123
122 83
122 85
122 92
122 93
122 94
122 120
122 124
122 125
122 163
122 164
122 166
122 169
123 93
123 94
123 95
123 96
123 105
123 121
123 125
124 82
124 83
124 94
124 95
124 96
124 97
124 122
124 126
124 127
124 136
124 164
124 169
124 173
125 97
125 122
125 123
125 136
125 166
125 169
126 83
126 96
126 97
126 124
126 128
126 132
126 133
126 136
126 164
126 166
126 169
126 170
126 173
127 96
127 97
127 98
127 124
127 129
127 132
127 133
128 79
128 80
128 81
128 96
128 98
128 99
128 126
128 132
128 133
128 177
129 98
129 127
129 131
129 132
129 133
130 79
130 132
130 133
130 134
130 141
130 174
130 177
130 178
130 181
130 182
130 185
130 211
130 212
131 129
131 133
131 134
131 135
131 141
132 98
132 126
132 127
132 128
132 129
132 130
132 134
132 135
132 136
133 96
133 126
133 127
133 128
133 129
133 130
133 131
133 135
133 136
133 137
133 170
133 171
133 173
133 174
133 177
134 130
134 131
134 132
134 136
134 137
134 138
134 139
134 140
134 141
134 144
134 170
134 174
134 178
135 131
135 132
135 133
135 137
135 138
136 124
136 125
136 126
136 132
136 133
136 134
136 138
136 166
136 167
136 170
137 133
137 134
137 135
137 139
137 140
137 141
137 144
137 167
137 170
137 171
137 174
138 134
138 135
138 136
138 140
138 167
139 134
139 137
139 141
139 143
139 144
139 145
139 167
139 171
139 202
140 134
140 137
140 138
140 142
140 143
140 144
141 130
141 131
141 134
141 137
141 139
141 143
141 144
141 146
141 174
141 177
141 178
141 182
141 203
141 207
141 208
141 209
141 211
141 212
142 140
142 144
142 202
142 203
142 208
143 139
143 140
143 141
143 145
143 202
143 203
144 134
144 137
144 139
144 140
144 141
144 142
144 146
144 171
144 174
144 175
144 178
144 202
144 203
145 139
145 143
145 147
145 150
145 175
145 200
145 201
145 202
145 203
146 141
146 144
146 150
146 174
146 175
146 178
146 179
146 189
146 193
146 200
146 201
146 202
146 203
146 207
146 211
147 145
147 149
147 150
147 151
147 179
147 193
147 199
147 200
147 201
148 13
148 15
148 18
148 23
148 150
148 151
148 152
148 179
148 193
148 197
148 198
149 15
149 147
149 151
149 152
149 153
149 197
149 198
149 199
149 200
150 145
150 146
150 147
150 148
150 152
150 153
150 154
150 171
150 175
150 179
150 200
150 201
151 13
151 15
151 61
151 147
151 148
151 149
151 153
151 154
151 155
151 172
151 175
151 176
151 179
151 180
152 14
152 15
152 16
152 63
152 64
152 148
152 149
152 150
152 154
152 155
152 156
152 172
153 63
153 149
153 150
153 151
153 155
153 156
153 157
154 150
154 151
154 152
154 156
154 157
154 158
154 172
154 175
155 15
155 61
155 62
155 63
155 67
155 68
155 69
155 151
155 152
155 153
155 157
155 158
155 159
155 172
156 63
156 67
156 152
156 153
156 154
156 158
156 159
157 153
157 154
157 155
157 159
157 161
157 164
157 168
158 69
158 83
158 85
158 92
158 94
158 154
158 155
158 156
158 160
158 161
158 164
158 168
158 169
158 172
158 173
159 63
159 67
159 68
159 69
159 85
159 86
159 87
159 92
159 155
159 156
159 157
159 161
160 85
160 86
160 87
160 88
160 92
160 158
161 67
161 85
161 87
161 92
161 157
161 158
161 159
161 163
161 164
162 87
162 92
162 164
163 92
163 122
163 161
163 165
164 83
164 85
164 92
164 94
164 122
164 124
164 126
164 157
164 158
164 161
164 162
164 166
164 168
164 169
165 163
165 167
165 168
165 169
166 122
166 125
166 126
166 136
166 164
166 168
166 169
166 170
167 136
167 137
167 138
167 139
167 165
167 169
167 170
167 171
168 157
168 158
168 164
168 165
168 166
168 170
168 171
168 172
169 83
169 94
169 96
169 122
169 124
169 125
169 126
169 158
169 164
169 165
169 166
169 167
169 171
169 172
169 173
170 126
170 133
170 134
170 136
170 137
170 166
170 167
170 168
170 172
170 173
170 174
171 133
171 137
171 139
171 144
171 150
171 167
171 168
171 169
171 173
171 174
171 175
172 61
172 69
172 71
172 83
172 151
172 152
172 154
172 155
172 158
172 168
172 169
172 170
172 174
172 175
172 176
173 71
173 80
173 83
173 96
173 124
173 126
173 133
173 158
173 169
173 170
173 171
173 175
173 176
173 177
174 130
174 133
174 134
174 137
174 141
174 144
174 146
174 170
174 171
174 172
174 176
174 177
174 178
175 144
175 145
175 146
175 150
175 151
175 154
175 171
175 172
175 173
175 177
175 178
175 179
176 61
176 71
176 151
176 172
176 173
176 174
176 178
176 179
176 180
177 71
177 73
177 79
177 80
177 128
177 130
177 133
177 141
177 173
177 174
177 175
177 179
177 180
177 181
177 182
177 185
178 130
178 134
178 141
178 144
178 146
178 174
178 175
178 176
178 180
178 181
178 182
178 183
178 189
178 203
178 207
178 208
178 211
179 13
179 23
179 146
179 147
179 148
179 150
179 151
179 175
179 176
179 177
179 181
179 182
179 183
179 189
179 193
179 197
179 201
180 23
180 26
180 27
180 30
180 59
180 61
180 71
180 73
180 80
180 151
180 176
180 177
180 178
180 182
180 183
180 184
181 73
181 78
181 79
181 80
181 130
181 177
181 178
181 179
181 183
181 184
181 185
182 79
182 130
182 141
182 177
182 178
182 179
182 180
182 184
182 185
182 186
182 189
182 211
182 212
182 214
183 23
183 27
183 178
183 179
183 180
183 181
183 185
183 186
183 187
183 189
183 190
183 193
184 27
184 30
184 31
184 78
184 180
184 181
184 182
184 186
184 190
184 256
184 257
185 47
185 77
185 78
185 79
185 130
185 177
185 181
185 182
185 183
185 189
185 211
185 214
185 255
185 256
185 257
186 182
186 183
186 184
186 188
186 189
186 190
186 210
186 211
186 213
186 214
186 217
186 251
186 254
186 255
186 256
187 183
187 189
187 190
187 191
187 194
187 253
187 254
187 255
187 256
188 186
188 190
188 191
188 192
188 204
188 206
188 207
188 210
188 238
188 254
189 23
189 146
189 178
189 179
189 182
189 183
189 185
189 186
189 187
189 191
189 192
189 193
189 201
189 207
189 210
189 211
190 23
190 24
190 27
190 183
190 184
190 186
190 187
190 188
190 192
190 193
190 194
191 187
191 188
191 189
191 193
191 194
191 195
191 254
192 188
192 189
192 190
192 194
192 195
192 196
192 201
192 203
192 204
192 207
193 23
193 146
193 147
193 148
193 179
193 183
193 189
193 190
193 191
193 195
193 196
193 197
193 201
194 20
194 23
194 24
194 27
194 187
194 190
194 191
194 192
194 196
194 197
195 20
195 191
195 192
195 193
195 197
196 192
196 193
196 194
196 198
196 199
196 200
196 201
197 13
197 18
197 19
197 20
197 23
197 148
197 149
197 179
197 193
197 194
197 195
197 199
198 148
198 149
198 196
199 147
199 149
199 196
199 197
199 201
200 145
200 146
200 147
200 149
200 150
200 196
201 145
201 146
201 147
201 150
201 179
201 189
201 192
201 193
201 196
201 199
201 203
201 207
202 139
202 142
202 143
202 144
202 145
202 146
202 204
203 141
203 142
203 143
203 144
203 145
203 146
203 178
203 192
203 201
203 207
203 208
203 211
204 188
204 192
204 202
204 206
204 207
204 208
204 237
204 238
204 239
204 240
205 207
205 208
205 209
205 236
205 237
205 238
205 239
205 240
206 188
206 204
206 208
206 209
206 210
206 236
206 237
206 238
206 243
206 251
206 254
207 141
207 146
207 178
207 188
207 189
207 192
207 201
207 203
207 204
207 205
207 209
207 210
207 211
208 141
208 142
208 178
208 203
208 204
208 205
208 206
208 210
208 211
208 212
209 141
209 205
209 206
209 207
209 211
209 212
209 213
209 216
209 217
209 235
209 236
209 243
210 186
210 188
210 189
210 206
210 207
210 208
210 212
210 213
210 214
210 217
210 235
210 243
210 251
210 254
210 255
211 130
211 141
211 146
211 178
211 182
211 185
211 186
211 189
211 203
211 207
211 208
211 209
211 213
211 214
212 130
212 141
212 182
212 208
212 209
212 210
212 214
213 186
213 209
213 210
213 211
213 215
213 216
213 217
213 233
213 235
214 47
214 77
214 78
214 79
214 182
214 185
214 186
214 210
214 211
214 212
214 216
214 217
214 218
214 255
214 257
214 258
214 259
215 213
215 217
215 218
215 219
215 259
216 209
216 213
216 214
216 218
216 219
216 220
216 233
216 234
216 235
216 236
217 186
217 209
217 210
217 213
217 214
217 215
217 219
217 220
217 221
217 233
217 235
217 251
217 255
217 258
218 46
218 214
218 215
218 216
218 220
218 221
218 222
218 258
218 259
218 260
218 261
219 215
219 216
219 217
219 221
219 222
219 223
219 233
219 261
220 216
220 217
220 218
220 222
220 223
220 224
220 229
220 230
220 231
220 233
221 41
221 42
221 44
221 217
221 218
221 219
221 223
221 224
221 229
221 233
221 248
221 251
221 252
221 255
221 258
221 265
222 41
222 42
222 46
222 218
222 219
222 220
222 224
222 258
222 261
222 262
222 263
222 264
222 265
223 42
223 219
223 220
223 221
223 225
223 230
223 261
223 265
224 42
224 220
224 221
224 222
224 226
224 227
224 228
224 229
224 230
224 248
224 266
225 42
225 223
225 227
225 228
225 229
225 230
225 266
226 42
226 224
226 228
226 266
227 42
227 224
227 225
227 229
227 247
227 248
227 266
228 42
228 224
228 225
228 226
228 230
228 246
228 247
228 248
229 220
229 221
229 224
229 225
229 227
229 231
229 232
229 233
229 245
229 246
229 247
229 248
229 250
229 251
230 220
230 223
230 224
230 225
230 228
230 232
231 220
231 229
231 233
232 229
232 230
232 234
232 244
232 245
232 246
233 213
233 216
233 217
233 219
233 220
233 221
233 229
233 231
233 235
233 244
233 245
233 251
234 216
234 232
234 236
234 242
234 243
234 244
234 245
235 209
235 210
235 213
235 216
235 217
235 233
235 237
235 242
235 243
235 244
235 245
235 251
236 205
236 206
236 209
236 216
236 234
236 240
236 241
236 242
236 243
237 204
237 205
237 206
237 235
237 239
237 240
237 241
237 242
237 243
238 188
238 204
238 205
238 206
238 240
239 204
239 205
239 237
239 241
240 204
240 205
240 236
240 237
240 238
241 236
241 237
241 239
241 243
242 234
242 235
242 236
242 237
242 244
243 206
243 209
243 210
243 234
243 235
243 236
243 237
243 241
243 245
243 250
243 251
243 254
244 232
244 233
244 234
244 235
244 242
244 246
245 229
245 232
245 233
245 234
245 235
245 243
245 247
245 248
245 250
245 251
246 228
246 229
246 232
246 244
246 250
247 227
247 228
247 229
247 245
247 249
247 250
248 42
248 44
248 221
248 224
248 227
248 228
248 229
248 245
248 250
248 251
248 252
248 268
249 247
249 251
249 252
249 253
250 229
250 243
250 245
250 246
250 247
250 248
250 252
250 253
251 44
251 186
251 206
251 210
251 217
251 221
251 229
251 233
251 235
251 243
251 245
251 248
251 249
251 253
251 254
251 255
252 42
252 43
252 44
252 45
252 221
252 248
252 249
252 250
252 254
252 255
253 187
253 249
253 250
253 251
253 255
254 186
254 187
254 188
254 191
254 206
254 210
254 243
254 251
254 252
255 44
255 185
255 186
255 187
255 210
255 214
255 217
255 221
255 251
255 252
255 253
255 257
255 258
256 31
256 44
256 45
256 184
256 185
256 186
256 187
257 30
257 31
257 34
257 35
257 44
257 45
257 46
257 47
257 78
257 184
257 185
257 214
257 255
257 259
258 40
258 41
258 42
258 44
258 45
258 46
258 47
258 214
258 217
258 218
258 221
258 222
258 255
258 260
258 261
258 265
259 46
259 47
259 48
259 76
259 77
259 79
259 214
259 215
259 218
259 257
259 261
260 39
260 46
260 47
260 48
260 49
260 76
260 218
260 258
260 262
261 41
261 46
261 218
261 219
261 222
261 223
261 258
261 259
261 263
261 265
262 46
262 222
262 260
263 222
263 261
264 222
264 266
265 40
265 41
265 42
265 46
265 221
265 222
265 223
265 258
265 261
265 267
266 41
266 42
266 224
266 225
266 226
266 227
266 264
266 268
267 40
267 41
267 42
267 43
267 265
268 41
268 42
268 43
268 248
268 266
