1    1   
1    2   
1    3   
1    51  
1    63  
1    104 
1    105 
1    107 
2    1   
2    2   
2    3   
2    51  
3    1   
3    2   
3    3   
3    4   
3    5   
3    50  
3    51  
3    52  
3    53  
3    63  
4    3   
4    4   
4    5   
4    6   
4    19  
4    22  
4    23  
4    26  
4    50  
4    51  
4    52  
4    53  
5    3   
5    4   
5    5   
5    6   
5    7   
5    19  
5    52  
5    53  
5    54  
5    55  
6    4   
6    5   
6    6   
6    7   
6    8   
6    11  
6    15  
6    16  
6    19  
6    52  
6    53  
6    54  
6    55  
7    5   
7    6   
7    7   
7    8   
7    9   
7    10  
7    11  
7    15  
7    55  
8    6   
8    7   
8    8   
8    9   
8    10  
8    11  
8    54  
8    55  
8    56  
8    57  
8    141 
8    144 
8    145 
8    148 
9    7   
9    8   
9    9   
9    10  
9    11  
9    55  
9    56  
9    57  
9    145 
10   7   
10   8   
10   9   
10   10  
10   11  
10   12  
10   15  
10   57  
11   6   
11   7   
11   8   
11   9   
11   10  
11   11  
11   12  
11   13  
11   15  
11   16  
11   141 
11   190 
12   10  
12   11  
12   12  
12   13  
12   14  
12   15  
12   16  
12   190 
13   11  
13   12  
13   13  
13   14  
13   15  
13   16  
13   17  
13   187 
13   190 
14   12  
14   13  
14   14  
14   15  
14   16  
14   17  
14   18  
15   6   
15   7   
15   10  
15   11  
15   12  
15   13  
15   14  
15   15  
15   16  
15   17  
15   18  
15   19  
16   6   
16   11  
16   12  
16   13  
16   14  
16   15  
16   16  
16   17  
16   18  
16   19  
16   20  
16   141 
16   183 
16   186 
16   187 
16   190 
17   13  
17   14  
17   15  
17   16  
17   17  
17   18  
17   19  
17   20  
17   21  
17   183 
17   187 
18   14  
18   15  
18   16  
18   17  
18   18  
18   19  
18   20  
18   21  
18   22  
19   4   
19   5   
19   6   
19   15  
19   16  
19   17  
19   18  
19   19  
19   20  
19   21  
19   22  
19   23  
20   16  
20   17  
20   18  
20   19  
20   20  
20   21  
20   22  
20   23  
20   24  
20   176 
20   177 
20   183 
21   17  
21   18  
21   19  
21   20  
21   21  
21   22  
21   23  
21   24  
21   25  
22   4   
22   18  
22   19  
22   20  
22   21  
22   22  
22   23  
22   24  
22   25  
22   26  
23   4   
23   19  
23   20  
23   21  
23   22  
23   23  
23   24  
23   25  
23   26  
23   27  
23   50  
23   52  
23   173 
23   177 
24   20  
24   21  
24   22  
24   23  
24   24  
24   25  
24   26  
24   27  
24   28  
24   38  
24   177 
24   249 
24   250 
25   21  
25   22  
25   23  
25   24  
25   25  
25   26  
25   27  
25   28  
26   4   
26   22  
26   23  
26   24  
26   25  
26   26  
26   27  
26   28  
26   47  
26   50  
26   68  
27   23  
27   24  
27   25  
27   26  
27   27  
27   28  
27   40  
27   50  
27   66  
27   68  
27   71  
27   177 
27   250 
28   24  
28   25  
28   26  
28   27  
28   28  
28   29  
28   30  
28   32  
28   38  
28   39  
28   40  
28   250 
29   28  
29   29  
29   30  
29   31  
29   32  
29   38  
29   39  
29   40  
29   41  
29   42  
29   45  
30   28  
30   29  
30   30  
30   31  
31   29  
31   30  
31   31  
31   32  
31   33  
32   28  
32   29  
32   31  
32   32  
32   33  
32   34  
32   38  
32   39  
32   40  
32   41  
32   258 
33   31  
33   32  
33   33  
33   34  
33   35  
33   36  
33   37  
33   38  
33   39  
33   258 
33   260 
34   32  
34   33  
34   34  
34   35  
34   36  
34   37  
34   39  
34   214 
34   215 
34   217 
34   241 
34   251 
34   258 
34   259 
34   260 
35   33  
35   34  
35   35  
35   36  
35   37  
35   214 
35   217 
35   220 
35   241 
35   242 
35   245 
35   258 
35   259 
35   260 
35   261 
36   33  
36   34  
36   35  
36   36  
36   37  
36   38  
36   260 
36   261 
37   33  
37   34  
37   35  
37   36  
37   37  
37   38  
37   39  
37   214 
37   245 
37   248 
37   249 
37   250 
37   251 
38   24  
38   28  
38   29  
38   32  
38   33  
38   36  
38   37  
38   38  
38   39  
38   249 
38   250 
38   251 
39   28  
39   29  
39   32  
39   33  
39   34  
39   37  
39   38  
39   39  
39   40  
39   41  
39   211 
39   250 
39   251 
39   252 
39   253 
39   254 
39   258 
40   27  
40   28  
40   29  
40   32  
40   39  
40   40  
40   41  
40   68  
40   69  
40   70  
40   71  
40   250 
40   251 
40   252 
40   253 
41   29  
41   32  
41   39  
41   40  
41   41  
41   42  
41   45  
41   69  
41   253 
42   29  
42   41  
42   42  
42   43  
42   44  
42   45  
42   69  
42   253 
42   255 
43   42  
43   43  
43   44  
43   45  
43   48  
43   69  
44   42  
44   43  
44   44  
44   45  
44   46  
45   29  
45   41  
45   42  
45   43  
45   44  
45   45  
45   46  
45   47  
45   48  
45   68  
45   69  
46   44  
46   45  
46   46  
46   47  
46   48  
47   26  
47   45  
47   46  
47   47  
47   48  
47   49  
47   50  
47   68  
48   43  
48   45  
48   46  
48   47  
48   48  
48   49  
48   67  
48   68  
48   69  
48   100 
49   47  
49   48  
49   49  
49   50  
49   51  
49   65  
49   66  
49   67  
49   68  
49   74  
49   100 
49   101 
49   104 
50   3   
50   4   
50   23  
50   26  
50   27  
50   47  
50   49  
50   50  
50   51  
50   52  
50   65  
50   66  
50   68  
50   71  
51   1   
51   2   
51   3   
51   4   
51   49  
51   50  
51   51  
51   52  
51   53  
51   63  
51   64  
51   65  
51   66  
51   104 
51   105 
52   3   
52   4   
52   5   
52   6   
52   23  
52   50  
52   51  
52   52  
52   53  
52   54  
52   63  
52   64  
52   66  
52   173 
53   3   
53   4   
53   5   
53   6   
53   51  
53   52  
53   53  
53   54  
53   55  
53   61  
53   62  
53   63  
53   64  
54   5   
54   6   
54   8   
54   52  
54   53  
54   54  
54   55  
54   56  
54   61  
54   62  
54   63  
54   64  
54   144 
54   148 
54   169 
55   5   
55   6   
55   7   
55   8   
55   9   
55   53  
55   54  
55   55  
55   56  
55   59  
55   60  
55   61  
55   148 
56   8   
56   9   
56   54  
56   55  
56   56  
56   57  
56   58  
56   59  
56   60  
56   61  
56   145 
56   146 
56   148 
56   149 
56   152 
57   8   
57   9   
57   10  
57   56  
57   57  
57   58  
57   59  
57   145 
58   56  
58   57  
58   58  
58   59  
58   60  
58   149 
59   55  
59   56  
59   57  
59   58  
59   59  
59   60  
59   61  
60   55  
60   56  
60   58  
60   59  
60   60  
60   61  
60   62  
60   78  
60   148 
60   149 
60   152 
61   53  
61   54  
61   55  
61   56  
61   59  
61   60  
61   61  
61   62  
61   63  
61   78  
61   79  
61   148 
61   152 
62   53  
62   54  
62   60  
62   61  
62   62  
62   63  
62   64  
62   76  
62   77  
62   78  
62   148 
62   151 
62   152 
63   1   
63   3   
63   51  
63   52  
63   53  
63   54  
63   61  
63   62  
63   63  
63   64  
63   65  
63   76  
63   77  
63   105 
64   51  
64   52  
64   53  
64   54  
64   62  
64   63  
64   64  
64   65  
64   66  
64   73  
64   75  
64   76  
64   169 
64   173 
65   49  
65   50  
65   51  
65   63  
65   64  
65   65  
65   66  
65   73  
65   74  
65   75  
65   76  
65   77  
65   101 
65   104 
65   105 
66   27  
66   49  
66   50  
66   51  
66   52  
66   64  
66   65  
66   66  
66   67  
66   68  
66   70  
66   71  
66   72  
66   73  
66   74  
66   173 
66   174 
67   48  
67   49  
67   66  
67   67  
67   68  
67   69  
67   70  
67   71  
67   72  
67   74  
68   26  
68   27  
68   40  
68   45  
68   47  
68   48  
68   49  
68   50  
68   66  
68   67  
68   68  
68   69  
68   70  
68   71  
69   40  
69   41  
69   42  
69   43  
69   45  
69   48  
69   67  
69   68  
69   69  
69   70  
69   253 
70   40  
70   66  
70   67  
70   68  
70   69  
70   70  
70   71  
70   72  
70   252 
70   253 
71   27  
71   40  
71   50  
71   66  
71   67  
71   68  
71   70  
71   71  
71   72  
71   174 
71   177 
71   178 
71   250 
72   66  
72   67  
72   70  
72   71  
72   72  
72   73  
72   74  
72   121 
72   174 
73   64  
73   65  
73   66  
73   72  
73   73  
73   74  
73   75  
73   76  
73   89  
73   121 
73   166 
73   169 
73   170 
73   174 
74   49  
74   65  
74   66  
74   67  
74   72  
74   73  
74   74  
74   75  
74   88  
74   89  
74   92  
74   97  
74   101 
74   121 
75   64  
75   65  
75   73  
75   74  
75   75  
75   76  
75   77  
75   86  
75   87  
75   88  
75   89  
75   92  
75   101 
75   105 
75   117 
75   121 
76   62  
76   63  
76   64  
76   65  
76   73  
76   75  
76   76  
76   77  
76   78  
76   86  
76   87  
76   105 
76   166 
77   62  
77   63  
77   65  
77   75  
77   76  
77   77  
77   78  
77   79  
77   84  
77   85  
77   86  
77   87  
77   105 
77   106 
78   60  
78   61  
78   62  
78   76  
78   77  
78   78  
78   79  
78   80  
78   85  
78   87  
78   151 
78   152 
78   153 
79   61  
79   77  
79   78  
79   79  
79   80  
79   81  
79   82  
79   83  
79   84  
79   85  
79   152 
79   153 
80   78  
80   79  
80   80  
80   81  
80   82  
80   83  
80   84  
80   85  
80   113 
80   115 
80   153 
80   155 
81   79  
81   80  
81   81  
81   82  
81   83  
81   153 
82   79  
82   80  
82   81  
82   82  
82   83  
82   111 
83   79  
83   80  
83   81  
83   82  
83   83  
83   84  
83   85  
83   106 
83   111 
83   112 
83   113 
84   77  
84   79  
84   80  
84   83  
84   84  
84   85  
84   86  
84   105 
84   106 
84   107 
84   108 
84   111 
84   112 
84   113 
85   77  
85   78  
85   79  
85   80  
85   83  
85   84  
85   85  
85   86  
85   87  
85   106 
85   112 
85   113 
85   114 
85   115 
85   153 
86   75  
86   76  
86   77  
86   84  
86   85  
86   86  
86   87  
86   88  
86   101 
86   102 
86   105 
86   106 
86   112 
86   113 
86   114 
86   115 
87   75  
87   76  
87   77  
87   78  
87   85  
87   86  
87   87  
87   88  
87   89  
87   114 
87   115 
87   116 
87   117 
87   162 
88   74  
88   75  
88   86  
88   87  
88   88  
88   89  
88   92  
88   98  
88   101 
88   102 
88   114 
88   116 
88   117 
89   73  
89   74  
89   75  
89   87  
89   88  
89   89  
89   90  
89   91  
89   92  
89   117 
89   119 
89   120 
89   121 
90   89  
90   90  
90   91  
90   92  
90   116 
90   117 
90   118 
90   119 
90   120 
90   121 
90   125 
91   89  
91   90  
91   91  
91   92  
91   93  
91   120 
91   121 
91   122 
92   74  
92   75  
92   88  
92   89  
92   90  
92   91  
92   92  
92   93  
92   94  
92   97  
92   98  
92   101 
92   121 
93   91  
93   92  
93   93  
93   94  
93   95  
93   97  
93   98  
94   92  
94   93  
94   94  
94   95  
94   96  
94   97  
94   98  
95   93  
95   94  
95   95  
95   96  
95   97  
95   98  
95   99  
96   94  
96   95  
96   96  
96   97  
96   98  
96   99  
96   100 
97   74  
97   92  
97   93  
97   94  
97   95  
97   96  
97   97  
97   98  
97   99  
97   100 
97   101 
98   88  
98   92  
98   93  
98   94  
98   95  
98   96  
98   97  
98   98  
98   99  
98   100 
98   101 
98   102 
99   95  
99   96  
99   97  
99   98  
99   99  
99   100 
99   101 
99   102 
99   103 
100  48  
100  49  
100  96  
100  97  
100  98  
100  99  
100  100 
100  101 
100  102 
100  103 
100  104 
101  49  
101  65  
101  74  
101  75  
101  86  
101  88  
101  92  
101  97  
101  98  
101  99  
101  100 
101  101 
101  102 
101  103 
101  104 
101  105 
102  86  
102  88  
102  98  
102  99  
102  100 
102  101 
102  102 
102  103 
102  104 
102  105 
102  106 
102  112 
102  114 
103  99  
103  100 
103  101 
103  102 
103  103 
103  104 
103  105 
103  106 
103  107 
104  1   
104  49  
104  51  
104  65  
104  100 
104  101 
104  102 
104  103 
104  104 
104  105 
104  106 
104  107 
105  1   
105  51  
105  63  
105  65  
105  75  
105  76  
105  77  
105  84  
105  86  
105  101 
105  102 
105  103 
105  104 
105  105 
105  106 
105  107 
105  112 
106  77  
106  83  
106  84  
106  85  
106  86  
106  102 
106  103 
106  104 
106  105 
106  106 
106  107 
106  108 
106  111 
106  112 
107  1   
107  84  
107  103 
107  104 
107  105 
107  106 
107  107 
107  108 
108  84  
108  106 
108  107 
108  108 
108  109 
108  110 
108  111 
108  112 
109  108 
109  109 
109  110 
109  111 
109  112 
110  108 
110  109 
110  110 
110  111 
110  112 
111  82  
111  83  
111  84  
111  106 
111  108 
111  109 
111  110 
111  111 
111  112 
112  83  
112  84  
112  85  
112  86  
112  102 
112  105 
112  106 
112  108 
112  109 
112  110 
112  111 
112  112 
112  113 
112  114 
113  80  
113  83  
113  84  
113  85  
113  86  
113  112 
113  113 
113  114 
113  115 
114  85  
114  86  
114  87  
114  88  
114  102 
114  112 
114  113 
114  114 
114  115 
114  116 
115  80  
115  85  
115  86  
115  87  
115  113 
115  114 
115  115 
115  116 
115  117 
116  87  
116  88  
116  90  
116  114 
116  115 
116  116 
116  117 
116  118 
117  75  
117  87  
117  88  
117  89  
117  90  
117  115 
117  116 
117  117 
117  118 
117  119 
117  121 
117  162 
118  90  
118  116 
118  117 
118  118 
118  119 
118  159 
119  89  
119  90  
119  117 
119  118 
119  119 
119  120 
119  121 
119  125 
119  126 
119  128 
119  129 
119  159 
119  163 
120  89  
120  90  
120  91  
120  119 
120  120 
120  121 
120  122 
120  124 
120  125 
121  72  
121  73  
121  74  
121  75  
121  89  
121  90  
121  91  
121  92  
121  117 
121  119 
121  120 
121  121 
121  122 
121  125 
121  126 
121  166 
122  91  
122  120 
122  121 
122  122 
122  123 
122  124 
122  125 
122  126 
123  122 
123  123 
123  124 
123  125 
123  126 
123  127 
123  134 
123  167 
123  204 
123  205 
124  120 
124  122 
124  123 
124  124 
124  125 
124  126 
124  127 
124  128 
125  90  
125  119 
125  120 
125  121 
125  122 
125  123 
125  124 
125  125 
125  126 
125  127 
125  128 
125  129 
125  163 
126  119 
126  121 
126  122 
126  123 
126  124 
126  125 
126  126 
126  127 
126  128 
126  129 
126  130 
126  134 
126  163 
126  164 
126  166 
126  167 
127  123 
127  124 
127  125 
127  126 
127  127 
127  128 
127  129 
127  130 
127  131 
127  132 
127  133 
127  134 
127  163 
127  167 
128  119 
128  124 
128  125 
128  126 
128  127 
128  128 
128  129 
128  130 
128  131 
129  119 
129  125 
129  126 
129  127 
129  128 
129  129 
129  130 
129  131 
129  159 
129  160 
129  162 
129  163 
130  126 
130  127 
130  128 
130  129 
130  130 
130  131 
130  132 
130  137 
130  160 
130  163 
130  164 
130  167 
131  127 
131  128 
131  129 
131  130 
131  131 
131  132 
131  160 
132  127 
132  130 
132  131 
132  132 
132  133 
132  134 
132  136 
132  137 
133  127 
133  132 
133  133 
133  134 
133  135 
133  136 
133  137 
134  123 
134  126 
134  127 
134  132 
134  133 
134  134 
134  135 
134  136 
134  137 
134  167 
134  171 
134  196 
134  201 
135  133 
135  134 
135  135 
135  136 
135  137 
135  195 
135  196 
135  201 
136  132 
136  133 
136  134 
136  135 
136  136 
136  137 
136  195 
137  130 
137  132 
137  133 
137  134 
137  135 
137  136 
137  137 
137  138 
137  139 
137  164 
137  167 
137  168 
137  195 
138  137 
138  138 
138  139 
138  140 
138  143 
138  168 
138  193 
138  194 
138  195 
139  137 
139  138 
139  139 
139  140 
139  143 
139  144 
139  168 
139  171 
139  172 
139  186 
139  189 
139  193 
139  194 
139  195 
139  196 
140  138 
140  139 
140  140 
140  141 
140  142 
140  143 
140  144 
140  168 
140  172 
140  186 
140  189 
140  192 
140  193 
140  194 
141  8   
141  11  
141  16  
141  140 
141  141 
141  142 
141  143 
141  144 
141  145 
141  186 
141  190 
141  191 
142  140 
142  141 
142  142 
142  143 
142  144 
142  145 
142  146 
142  193 
143  138 
143  139 
143  140 
143  141 
143  142 
143  143 
143  144 
143  145 
143  146 
143  147 
143  168 
143  193 
144  8   
144  54  
144  139 
144  140 
144  141 
144  142 
144  143 
144  144 
144  145 
144  146 
144  147 
144  148 
144  165 
144  168 
144  169 
144  172 
145  8   
145  9   
145  56  
145  57  
145  141 
145  142 
145  143 
145  144 
145  145 
145  146 
145  147 
145  148 
145  149 
146  56  
146  142 
146  143 
146  144 
146  145 
146  146 
146  147 
146  148 
146  149 
146  150 
147  143 
147  144 
147  145 
147  146 
147  147 
147  148 
147  149 
147  150 
147  151 
147  161 
147  164 
147  165 
147  168 
148  8   
148  54  
148  55  
148  56  
148  60  
148  61  
148  62  
148  144 
148  145 
148  146 
148  147 
148  148 
148  149 
148  150 
148  151 
148  152 
148  165 
149  56  
149  58  
149  60  
149  145 
149  146 
149  147 
149  148 
149  149 
149  150 
149  151 
149  152 
149  154 
150  146 
150  147 
150  148 
150  149 
150  150 
150  151 
150  154 
150  157 
150  161 
150  162 
150  165 
151  62  
151  78  
151  147 
151  148 
151  149 
151  150 
151  151 
151  152 
151  153 
151  154 
151  157 
151  161 
151  162 
151  165 
152  56  
152  60  
152  61  
152  62  
152  78  
152  79  
152  148 
152  149 
152  151 
152  152 
152  153 
152  154 
153  78  
153  79  
153  80  
153  81  
153  85  
153  151 
153  152 
153  153 
153  154 
153  155 
154  149 
154  150 
154  151 
154  152 
154  153 
154  154 
154  155 
154  156 
154  157 
155  80  
155  153 
155  154 
155  155 
155  156 
156  154 
156  155 
156  156 
156  157 
156  158 
157  150 
157  151 
157  154 
157  156 
157  157 
157  158 
157  161 
157  162 
158  156 
158  157 
158  158 
158  159 
158  160 
158  161 
158  162 
159  118 
159  119 
159  129 
159  158 
159  159 
159  160 
159  161 
159  162 
159  163 
160  129 
160  130 
160  131 
160  158 
160  159 
160  160 
160  161 
160  162 
160  163 
160  164 
161  147 
161  150 
161  151 
161  157 
161  158 
161  159 
161  160 
161  161 
161  162 
161  163 
161  164 
161  165 
162  87  
162  117 
162  129 
162  150 
162  151 
162  157 
162  158 
162  159 
162  160 
162  161 
162  162 
162  163 
162  164 
162  165 
162  166 
163  119 
163  125 
163  126 
163  127 
163  129 
163  130 
163  159 
163  160 
163  161 
163  162 
163  163 
163  164 
163  165 
163  166 
163  167 
164  126 
164  130 
164  137 
164  147 
164  160 
164  161 
164  162 
164  163 
164  164 
164  165 
164  166 
164  167 
164  168 
165  144 
165  147 
165  148 
165  150 
165  151 
165  161 
165  162 
165  163 
165  164 
165  165 
165  166 
165  167 
165  168 
165  169 
166  73  
166  76  
166  121 
166  126 
166  162 
166  163 
166  164 
166  165 
166  166 
166  167 
166  168 
166  169 
166  170 
167  123 
167  126 
167  127 
167  130 
167  134 
167  137 
167  163 
167  164 
167  165 
167  166 
167  167 
167  168 
167  169 
167  170 
167  171 
168  137 
168  138 
168  139 
168  140 
168  143 
168  144 
168  147 
168  164 
168  165 
168  166 
168  167 
168  168 
168  169 
168  170 
168  171 
168  172 
169  54  
169  64  
169  73  
169  144 
169  165 
169  166 
169  167 
169  168 
169  169 
169  170 
169  171 
169  172 
169  173 
170  73  
170  166 
170  167 
170  168 
170  169 
170  170 
170  171 
170  172 
170  173 
170  174 
170  175 
171  134 
171  139 
171  167 
171  168 
171  169 
171  170 
171  171 
171  172 
171  173 
171  174 
171  175 
171  176 
171  182 
171  196 
171  200 
171  204 
172  139 
172  140 
172  144 
172  168 
172  169 
172  170 
172  171 
172  172 
172  173 
172  175 
172  176 
172  186 
173  23  
173  52  
173  64  
173  66  
173  169 
173  170 
173  171 
173  172 
173  173 
173  174 
173  175 
173  176 
173  177 
174  66  
174  71  
174  72  
174  73  
174  170 
174  171 
174  173 
174  174 
174  175 
174  176 
174  177 
174  178 
175  170 
175  171 
175  172 
175  173 
175  174 
175  175 
175  176 
175  177 
175  178 
175  179 
175  182 
175  200 
175  203 
175  204 
176  20  
176  171 
176  172 
176  173 
176  174 
176  175 
176  176 
176  177 
176  178 
176  179 
176  182 
176  183 
176  186 
177  20  
177  23  
177  24  
177  27  
177  71  
177  173 
177  174 
177  175 
177  176 
177  177 
177  178 
177  179 
177  183 
177  249 
177  250 
178  71  
178  174 
178  175 
178  176 
178  177 
178  178 
178  179 
178  182 
178  203 
178  207 
178  248 
178  249 
178  250 
178  252 
179  175 
179  176 
179  177 
179  178 
179  179 
179  180 
179  181 
179  182 
179  183 
179  200 
179  203 
179  204 
179  207 
179  247 
179  248 
179  249 
180  179 
180  180 
180  181 
180  182 
180  183 
180  184 
180  246 
180  247 
180  248 
180  249 
181  179 
181  180 
181  181 
181  182 
181  183 
181  184 
181  185 
181  199 
181  200 
181  203 
181  246 
181  247 
181  248 
182  171 
182  175 
182  176 
182  178 
182  179 
182  180 
182  181 
182  182 
182  183 
182  184 
182  185 
182  186 
182  200 
182  203 
182  204 
183  16  
183  17  
183  20  
183  176 
183  177 
183  179 
183  180 
183  181 
183  182 
183  183 
183  184 
183  185 
183  186 
183  187 
184  180 
184  181 
184  182 
184  183 
184  184 
184  185 
184  186 
184  187 
184  188 
185  181 
185  182 
185  183 
185  184 
185  185 
185  186 
185  187 
185  188 
185  189 
185  194 
185  196 
185  197 
185  200 
186  16  
186  139 
186  140 
186  141 
186  172 
186  176 
186  182 
186  183 
186  184 
186  185 
186  186 
186  187 
186  188 
186  189 
186  190 
187  13  
187  16  
187  17  
187  183 
187  184 
187  185 
187  186 
187  187 
187  188 
187  189 
187  190 
188  184 
188  185 
188  186 
188  187 
188  188 
188  189 
188  190 
189  139 
189  140 
189  185 
189  186 
189  187 
189  188 
189  189 
189  190 
189  191 
189  192 
189  193 
189  194 
190  11  
190  12  
190  13  
190  16  
190  141 
190  186 
190  187 
190  188 
190  189 
190  190 
190  191 
190  192 
191  141 
191  189 
191  190 
191  191 
191  192 
192  140 
192  189 
192  190 
192  191 
192  192 
192  193 
192  194 
193  138 
193  139 
193  140 
193  142 
193  143 
193  189 
193  192 
193  193 
193  194 
194  138 
194  139 
194  140 
194  185 
194  189 
194  192 
194  193 
194  194 
194  195 
194  196 
195  135 
195  136 
195  137 
195  138 
195  139 
195  194 
195  195 
195  196 
195  197 
196  134 
196  135 
196  139 
196  171 
196  185 
196  194 
196  195 
196  196 
196  197 
196  200 
196  201 
197  185 
197  195 
197  196 
197  197 
197  198 
197  199 
197  200 
197  201 
197  231 
198  197 
198  198 
198  199 
198  200 
198  201 
198  202 
198  229 
198  230 
198  231 
198  232 
198  233 
199  181 
199  197 
199  198 
199  199 
199  200 
199  201 
199  202 
199  203 
199  228 
199  229 
199  230 
199  231 
199  233 
199  236 
199  247 
200  171 
200  175 
200  179 
200  181 
200  182 
200  185 
200  196 
200  197 
200  198 
200  199 
200  200 
200  201 
200  202 
200  203 
200  204 
201  134 
201  135 
201  196 
201  197 
201  198 
201  199 
201  200 
201  201 
201  202 
201  203 
201  204 
201  205 
201  229 
202  198 
202  199 
202  200 
202  201 
202  202 
202  203 
202  204 
202  205 
202  206 
202  228 
202  229 
203  175 
203  178 
203  179 
203  181 
203  182 
203  199 
203  200 
203  201 
203  202 
203  203 
203  204 
203  205 
203  206 
203  207 
203  210 
203  228 
203  247 
204  123 
204  171 
204  175 
204  179 
204  182 
204  200 
204  201 
204  202 
204  203 
204  204 
204  205 
204  206 
204  207 
205  123 
205  201 
205  202 
205  203 
205  204 
205  205 
205  206 
205  207 
206  202 
206  203 
206  204 
206  205 
206  206 
206  207 
206  208 
206  209 
206  210 
206  226 
206  228 
207  178 
207  179 
207  203 
207  204 
207  205 
207  206 
207  207 
207  208 
207  209 
207  210 
207  211 
207  252 
208  206 
208  207 
208  208 
208  209 
208  210 
208  211 
208  212 
208  252 
209  206 
209  207 
209  208 
209  209 
209  210 
209  211 
209  212 
209  213 
209  226 
210  203 
210  206 
210  207 
210  208 
210  209 
210  210 
210  211 
210  212 
210  213 
210  214 
210  226 
210  228 
210  244 
210  248 
210  251 
211  39  
211  207 
211  208 
211  209 
211  210 
211  211 
211  212 
211  213 
211  214 
211  215 
211  251 
211  252 
211  253 
211  254 
212  208 
212  209 
212  210 
212  211 
212  212 
212  213 
212  214 
212  215 
212  216 
212  254 
213  209 
213  210 
213  211 
213  212 
213  213 
213  214 
213  215 
213  216 
213  217 
213  222 
213  223 
213  224 
213  226 
213  238 
213  241 
214  34  
214  35  
214  37  
214  210 
214  211 
214  212 
214  213 
214  214 
214  215 
214  216 
214  217 
214  222 
214  241 
214  244 
214  245 
214  248 
214  251 
214  258 
215  34  
215  211 
215  212 
215  213 
215  214 
215  215 
215  216 
215  217 
215  251 
215  254 
215  256 
215  258 
216  212 
216  213 
216  214 
216  215 
216  216 
216  217 
216  218 
216  222 
216  223 
216  258 
217  34  
217  35  
217  213 
217  214 
217  215 
217  216 
217  217 
217  218 
217  219 
217  220 
217  221 
217  222 
217  223 
217  240 
217  241 
217  259 
218  216 
218  217 
218  218 
218  219 
218  220 
218  221 
218  223 
218  259 
219  217 
219  218 
219  219 
219  220 
219  221 
219  259 
220  35  
220  217 
220  218 
220  219 
220  220 
220  221 
220  222 
220  240 
220  241 
220  242 
220  259 
221  217 
221  218 
221  219 
221  220 
221  221 
221  222 
221  223 
221  239 
221  240 
221  241 
222  213 
222  214 
222  216 
222  217 
222  220 
222  221 
222  222 
222  223 
222  224 
222  225 
222  226 
222  238 
222  239 
222  240 
222  241 
223  213 
223  216 
223  217 
223  218 
223  221 
223  222 
223  223 
223  224 
224  213 
224  222 
224  223 
224  224 
224  225 
224  226 
225  222 
225  224 
225  225 
225  226 
225  227 
225  237 
225  238 
225  239 
226  206 
226  209 
226  210 
226  213 
226  222 
226  224 
226  225 
226  226 
226  227 
226  228 
226  237 
226  238 
226  244 
227  225 
227  226 
227  227 
227  228 
227  235 
227  236 
227  237 
228  199 
228  202 
228  203 
228  206 
228  210 
228  226 
228  227 
228  228 
228  229 
228  230 
228  235 
228  236 
228  237 
228  238 
229  198 
229  199 
229  201 
229  202 
229  228 
229  229 
229  230 
229  233 
229  234 
229  235 
229  236 
230  198 
230  199 
230  228 
230  229 
230  230 
230  231 
230  232 
230  233 
230  234 
230  235 
230  236 
231  197 
231  198 
231  199 
231  230 
231  231 
231  232 
231  233 
232  198 
232  230 
232  231 
232  232 
232  233 
232  234 
233  198 
233  199 
233  229 
233  230 
233  231 
233  232 
233  233 
233  234 
233  235 
234  229 
234  230 
234  232 
234  233 
234  234 
234  235 
234  236 
235  227 
235  228 
235  229 
235  230 
235  233 
235  234 
235  235 
235  236 
235  237 
236  199 
236  227 
236  228 
236  229 
236  230 
236  234 
236  235 
236  236 
236  237 
236  238 
237  225 
237  226 
237  227 
237  228 
237  235 
237  236 
237  237 
237  238 
237  239 
238  213 
238  222 
238  225 
238  226 
238  228 
238  236 
238  237 
238  238 
238  239 
238  240 
238  243 
238  244 
239  221 
239  222 
239  225 
239  237 
239  238 
239  239 
239  240 
239  243 
240  217 
240  220 
240  221 
240  222 
240  238 
240  239 
240  240 
240  241 
240  242 
240  243 
241  34  
241  35  
241  213 
241  214 
241  217 
241  220 
241  221 
241  222 
241  240 
241  241 
241  242 
241  243 
241  244 
241  245 
242  35  
242  220 
242  240 
242  241 
242  242 
242  243 
242  244 
242  245 
242  246 
243  238 
243  239 
243  240 
243  241 
243  242 
243  243 
243  244 
243  245 
244  210 
244  214 
244  226 
244  238 
244  241 
244  242 
244  243 
244  244 
244  245 
244  246 
244  247 
244  248 
245  35  
245  37  
245  214 
245  241 
245  242 
245  243 
245  244 
245  245 
245  246 
245  247 
245  248 
246  180 
246  181 
246  242 
246  244 
246  245 
246  246 
246  247 
246  248 
247  179 
247  180 
247  181 
247  199 
247  203 
247  244 
247  245 
247  246 
247  247 
247  248 
247  249 
248  37  
248  178 
248  179 
248  180 
248  181 
248  210 
248  214 
248  244 
248  245 
248  246 
248  247 
248  248 
248  249 
248  250 
248  251 
249  24  
249  37  
249  38  
249  177 
249  178 
249  179 
249  180 
249  247 
249  248 
249  249 
249  250 
249  251 
250  24  
250  27  
250  28  
250  37  
250  38  
250  39  
250  40  
250  71  
250  177 
250  178 
250  248 
250  249 
250  250 
250  251 
250  252 
251  34  
251  37  
251  38  
251  39  
251  40  
251  210 
251  211 
251  214 
251  215 
251  248 
251  249 
251  250 
251  251 
251  252 
251  253 
251  254 
252  39  
252  40  
252  70  
252  178 
252  207 
252  208 
252  211 
252  250 
252  251 
252  252 
252  253 
252  254 
253  39  
253  40  
253  41  
253  42  
253  69  
253  70  
253  211 
253  251 
253  252 
253  253 
253  254 
253  255 
254  39  
254  211 
254  212 
254  215 
254  251 
254  252 
254  253 
254  254 
254  255 
254  256 
254  258 
255  42  
255  253 
255  254 
255  255 
255  256 
256  215 
256  254 
256  255 
256  256 
256  257 
256  258 
257  256 
257  257 
257  258 
258  32  
258  33  
258  34  
258  35  
258  39  
258  214 
258  215 
258  216 
258  254 
258  256 
258  257 
258  258 
258  259 
258  260 
259  34  
259  35  
259  217 
259  218 
259  219 
259  220 
259  258 
259  259 
259  260 
259  261 
260  33  
260  34  
260  35  
260  36  
260  258 
260  259 
260  260 
260  261 
261  35  
261  36  
261  259 
261  260 
261  261 
