 0.00000  0.00000  0.00000  0.00000  0.00000  0.00000  0.00000  0.00000  0.00000 
 0.08579  0.10860  0.11020  0.06682  0.10088  0.00000  0.09242  0.08470  0.00000 
 0.05242  0.10412  0.09481  0.07135  0.10651  0.02323  0.08207  0.10129  0.00000 
 0.06313  0.10754  0.08823  0.09453  0.10425  0.04471  0.08212  0.09711  0.00000 
 0.09267  0.10997  0.09313  0.08421  0.09932  0.06154  0.09703  0.09224  0.07647 
 0.06973  0.10899  0.07949  0.07427  0.08646  0.06201  0.09919  0.08470  0.09607 
 0.05336  0.10661  0.08675  0.08430  0.08991  0.08625  0.09979  0.09363  0.10783 
 0.07699  0.10885  0.09600  0.10152  0.09608  0.09625  0.10447  0.10481  0.10876 
 0.08966  0.10914  0.10625  0.10562  0.09913  0.09905  0.10507  0.10495  0.11071 
 0.09416  0.11108  0.10865  0.10345  0.10191  0.10594  0.10271  0.10749  0.10861 
 0.09195  0.11080  0.11068  0.10657  0.10839  0.10463  0.11050  0.10847  0.10439 
 0.11078  0.11072  0.11021  0.10859  0.11082  0.10996  0.10950  0.11061  0.10718 
 0.09898  0.10779  0.11066  0.11008  0.11048  0.11096  0.10980  0.10956  0.11000 
 0.10111  0.10707  0.10787  0.10770  0.10490  0.11052  0.10320  0.10594  0.10565 
 0.11022  0.10256  0.10720  0.11008  0.10579  0.10072  0.10409  0.10457  0.10175 
 0.10833  0.10721  0.10442  0.10989  0.10505  0.10226  0.10007  0.10398  0.10272 
 0.10594  0.10779  0.08916  0.10286  0.10275  0.09221  0.09229  0.09831  0.08554 
 0.09252  0.09564  0.08464  0.09392  0.09800  0.05871  0.07508  0.09570  0.05521 
 0.03695  0.04472  0.02218  0.02946  0.02523  0.02032  0.03822  0.02341  0.01027 
 0.02294  0.03223  0.01785  0.02343  0.01856  0.01651  0.02183  0.01850  0.01167 
 0.03806  0.03081  0.04553  0.03791  0.04365  0.03296  0.04914  0.03795  0.03246 
 0.03421  0.02970  0.02915  0.03522  0.02637  0.02442  0.02599  0.02812  0.02273 
 0.10637  0.09937  0.11004  0.10594  0.10652  0.10189  0.10775  0.11012  0.10847 
 0.10295  0.10800  0.10992  0.10823  0.10917  0.10954  0.10747  0.10990  0.11002 
 0.10540  0.10667  0.10951  0.10240  0.10885  0.10802  0.10712  0.11088  0.11011 
 0.10532  0.11058  0.10849  0.10914  0.10965  0.11001  0.10890  0.10991  0.10911 
 0.11045  0.11020  0.10810  0.10730  0.10702  0.10714  0.10852  0.11058  0.11043 
 0.11079  0.11021  0.10569  0.10015  0.10465  0.09843  0.10640  0.10822  0.11047 
 0.10198  0.10568  0.10861  0.10435  0.10572  0.10822  0.10816  0.10730  0.10571 
 0.09902  0.09900  0.10190  0.10208  0.10509  0.10667  0.10068  0.10568  0.10783 
 0.10618  0.10287  0.10079  0.09781  0.10431  0.09901  0.09803  0.10491  0.10497 
 0.09907  0.09739  0.10185  0.09046  0.08849  0.08063  0.09103  0.10350  0.09428 
 0.10491  0.10597  0.10127  0.09243  0.08539  0.08077  0.09290  0.10389  0.10453 
 0.10999  0.10959  0.10154  0.09683  0.09760  0.09156  0.10384  0.10313  0.10765 
 0.11008  0.11077  0.10560  0.10499  0.10815  0.09943  0.10847  0.10453  0.10752 
 0.10796  0.10952  0.09766  0.10613  0.11044  0.10740  0.11022  0.09630  0.09995 
 0.10906  0.10973  0.10869  0.10919  0.10842  0.10406  0.10783  0.10933  0.10941 
 0.10961  0.11025  0.10965  0.10940  0.10947  0.10761  0.10740  0.10971  0.10918 
 0.10876  0.10692  0.10724  0.10688  0.10677  0.10325  0.10135  0.10754  0.10567 
 0.10686  0.10687  0.10736  0.10711  0.10845  0.10909  0.10529  0.10656  0.10160 
 0.10237  0.10130  0.10818  0.10638  0.10704  0.10795  0.10712  0.10840  0.10411 
 0.10511  0.09394  0.10683  0.10607  0.10176  0.10015  0.10337  0.10765  0.10829 
 0.07196  0.09611  0.08268  0.10425  0.07400  0.07781  0.08195  0.10191  0.10798 
 0.02689  0.03087  0.06046  0.07779  0.04704  0.05164  0.06369  0.08108  0.08351 
 0.00890  0.00829  0.03264  0.01870  0.02176  0.01070  0.02678  0.04052  0.03554 
 0.00492  0.00356  0.01481  0.00706  0.01029  0.00507  0.01057  0.01493  0.01594 
 0.00298  0.00232  0.02195  0.01120  0.01283  0.00307  0.01488  0.02585  0.02012 
 0.10261  0.10189  0.00463  0.00580  0.00467  0.10247  0.00460  0.00478  0.10332 
 0.07451  0.08862  0.09375  0.10290  0.00595  0.10286  0.06874  0.09999  0.10626 
 0.07386  0.08256  0.10714  0.10698  0.06941  0.10776  0.06953  0.10856  0.08436 
 0.10636  0.10779  0.09815  0.10612  0.10149  0.09869  0.10101  0.10497  0.10722 
 0.10130  0.10714  0.10177  0.10747  0.10472  0.09923  0.10697  0.10786  0.11046 
 0.10913  0.10987  0.10391  0.10791  0.10334  0.10003  0.10525  0.10395  0.10388 
 0.10950  0.10963  0.10324  0.10681  0.10611  0.09630  0.10253  0.10564  0.10205 
 0.10457  0.09441  0.10894  0.10653  0.10852  0.09657  0.10699  0.10627  0.11028 
 0.10002  0.09193  0.09726  0.09930  0.10615  0.09221  0.09747  0.10712  0.09747 
 0.10421  0.10485  0.08761  0.07489  0.08317  0.07623  0.08253  0.09323  0.06742 
 0.09832  0.09979  0.09347  0.09813  0.09055  0.09159  0.08535  0.10192  0.07371 
 0.10456  0.09739  0.10011  0.10366  0.10335  0.10757  0.10371  0.10372  0.09670 
 0.10356  0.09212  0.10386  0.10825  0.10798  0.10308  0.10700  0.10582  0.10610 
 0.10808  0.10838  0.10388  0.09998  0.09152  0.11013  0.09741  0.09898  0.09456 
 0.10139  0.10478  0.11098  0.10132  0.10210  0.10610  0.10625  0.10732  0.10664 
 0.07295  0.10411  0.10824  0.09816  0.09361  0.10422  0.10041  0.09330  0.10558 
 0.07705  0.06735  0.10676  0.10206  0.10744  0.09149  0.10202  0.10889  0.10706 
 0.03606  0.01996  0.10692  0.09988  0.10418  0.09291  0.08729  0.00000  0.10400 
 0.00000  0.00000  0.00000  0.00000  0.00000  0.00000  0.00000  0.00000  0.00000 
 0.00000  0.00000  0.00000  0.00000  0.00000  0.00000  0.00000  0.00000  0.00000 
 0.00000  0.00000  0.00000  0.00000  0.00000  0.00000  0.00000  0.00000  0.00000 
 0.00000  0.00000  0.00000  0.00000  0.00000  0.00000  0.00000  0.00000  0.00000 
 0.00000  0.00000  0.00000  0.00000  0.00000  0.00000  0.00000  0.00000  0.00000 
 0.00000  0.00000  0.00000  0.00000  0.00000  0.00000  0.00000  0.00000  0.00000 
 0.00000  0.00000  0.00000  0.00000  0.00000  0.00000  0.00000  0.00000  0.00000 
 0.00000  0.00000  0.00000  0.00000  0.00000  0.00000  0.00000  0.00000  0.00000 
 0.00000  0.00000  0.00000  0.00000  0.00000  0.00000  0.00000  0.00000  0.00000 
 0.00000  0.00000  0.00000  0.00000  0.00000  0.00000  0.00000  0.00000  0.00000 
 0.00000  0.00000  0.00000  0.00000  0.00000  0.00000  0.00000  0.00000  0.00000 
 0.00000  0.00000  0.00000  0.00000  0.00000  0.00000  0.00000  0.00000  0.00000 
 0.00000  0.00000  0.00000  0.00000  0.00000  0.00000  0.00000  0.00000  0.00000 
 0.00000  0.00000  0.00000  0.00000  0.00000  0.00000  0.00000  0.00000  0.00000 
 0.00000  0.00000  0.00000  0.00000  0.00000  0.00000  0.00000  0.00000  0.00000 
 0.00000  0.00000  0.00000  0.00000  0.00000  0.00000  0.00000  0.00000  0.00000 
 0.00000  0.00000  0.00000  0.00000  0.00000  0.00000  0.00000  0.00000  0.00000 
 0.00000  0.00000  0.00000  0.00000  0.00000  0.00000  0.00000  0.00000  0.00000 
 0.00000  0.00000  0.00000  0.00000  0.00000  0.00000  0.00000  0.00000  0.00000 
 0.00000  0.00000  0.00000  0.00000  0.00000  0.00000  0.00000  0.00000  0.00000 
 0.00000  0.00000  0.00000  0.00000  0.00000  0.00000  0.00000  0.00000  0.00000 
 0.00000  0.00000  0.00000  0.00000  0.00000  0.00000  0.00000  0.00000  0.00000 
 0.00000  0.00000  0.00000  0.00000  0.00000  0.00000  0.00000  0.00000  0.00000 
 0.00000  0.00000  0.00000  0.00000  0.00000  0.00000  0.00000  0.00000  0.00000 
 0.00000  0.00000  0.00000  0.00000  0.00000  0.00000  0.00000  0.00000  0.00000 
 0.00000  0.00000  0.00000  0.00000  0.00000  0.00000  0.00000  0.00000  0.00000 
 0.00000  0.00000  0.00000  0.00000  0.00000  0.00000  0.00000  0.00000  0.00000 
 0.00000  0.00000  0.00000  0.00000  0.00000  0.00000  0.00000  0.00000  0.00000 
 0.00000  0.00000  0.00000  0.00000  0.00000  0.00000  0.00000  0.00000  0.00000 
 0.00000  0.00000  0.00000  0.00000  0.00000  0.00000  0.00000  0.00000  0.00000 
 0.00000  0.00000  0.00000  0.00000  0.00000  0.00000  0.00000  0.00000  0.00000 
 0.00000  0.00000  0.00000  0.00000  0.00000  0.00000  0.00000  0.00000  0.00000 
 0.00000  0.00000  0.00000  0.00000  0.00000  0.00000  0.00000  0.00000  0.00000 
 0.00000  0.00000  0.00000  0.00000  0.00000  0.00000  0.00000  0.00000  0.00000 
 0.00000  0.00000  0.00000  0.00000  0.00000  0.00000  0.00000  0.00000  0.00000 
 0.00000  0.00000  0.00000  0.00000  0.00000  0.00000  0.00000  0.00000  0.00000 
 0.00000  0.00000  0.00000  0.00000  0.00000  0.00000  0.00000  0.00000  0.00000 
 0.00000  0.00000  0.00000  0.00000  0.00000  0.00000  0.00000  0.00000  0.00000 
 0.00000  0.00000  0.00000  0.00000  0.00000  0.00000  0.00000  0.00000  0.00000 
 0.00000  0.00000  0.00000  0.00000  0.00000  0.00000  0.00000  0.00000  0.00000 
 0.00000  0.00000  0.00000  0.00000  0.00000  0.00000  0.00000  0.00000  0.00000 
 0.00000  0.00000  0.00000  0.00000  0.00000  0.00000  0.00000  0.00000  0.00000 
 0.00000  0.00000  0.00000  0.00000  0.00000  0.00000  0.00000  0.00000  0.00000 
 0.00000  0.00000  0.00000  0.00000  0.00000  0.00000  0.00000  0.00000  0.00000 
 0.00000  0.00000  0.00000  0.00000  0.00000  0.00000  0.00000  0.00000  0.00000 
 0.00000  0.00000  0.00000  0.00000  0.00000  0.00000  0.00000  0.00000  0.00000 
 0.00000  0.00000  0.00000  0.00000  0.00000  0.00000  0.00000  0.00000  0.00000 
 0.00000  0.00000  0.00000  0.00000  0.00000  0.00000  0.00000  0.00000  0.00000 
 0.00000  0.00000  0.00000  0.00000  0.00000  0.00000  0.00000  0.00000  0.00000 
 0.00000  0.00000  0.00000  0.00000  0.00000  0.00000  0.00000  0.00000  0.00000 
 0.00000  0.00000  0.00000  0.00000  0.00000  0.00000  0.00000  0.00000  0.00000 
 0.00000  0.00000  0.00000  0.00000  0.00000  0.00000  0.00000  0.00000  0.00000 
 0.00000  0.00000  0.00000  0.00000  0.00000  0.00000  0.00000  0.00000  0.00000 
 0.00000  0.00000  0.00000  0.00000  0.00000  0.00000  0.00000  0.00000  0.00000 
 0.00000  0.00000  0.00000  0.00000  0.00000  0.00000  0.00000  0.00000  0.00000 
 0.00000  0.00000  0.00000  0.00000  0.00000  0.00000  0.00000  0.00000  0.00000 
 0.00000  0.00000  0.00000  0.00000  0.00000  0.00000  0.00000  0.00000  0.00000 
 0.00000  0.00000  0.00000  0.00000  0.00000  0.00000  0.00000  0.00000  0.00000 
 0.00000  0.00000  0.00000  0.00000  0.00000  0.00000  0.00000  0.00000  0.00000 
