3 52
5 7
5 54
6 9
6 10
7 10
11 14
11 15
12 15
12 16
13 17
14 17
14 18
15 18
15 19
16 19
16 20
17 20
17 21
18 21
18 22
19 22
19 23
20 23
20 24
21 24
21 25
22 25
22 26
23 27
31 38
33 36
36 33
37 250
38 28
41 44
47 67
49 65
50 3
51 63
52 5
53 61
54 7
54 8
55 58
59 55
61 53
62 76
63 51
64 73
65 49
65 67
66 70
71 66
73 88
74 64
75 86
76 62
77 84
79 81
79 82
82 79
83 112
84 77
85 114
86 75
87 116
88 91
90 92
92 94
93 96
93 97
95 99
96 99
96 100
97 100
97 101
98 101
98 102
99 103
100 104
101 105
102 106
110 83
112 85
116 89
118 89
121 124
121 125
122 125
122 126
123 126
123 127
124 127
124 128
125 128
125 129
126 129
126 130
126 131
127 130
132 135
132 136
133 136
138 193
139 142
139 143
140 144
141 145
142 145
142 146
143 146
143 147
144 147
145 148
145 149
146 149
147 150
147 151
150 152
150 153
157 160
157 161
158 161
158 162
159 163
160 164
161 164
161 165
162 165
162 166
163 166
163 167
164 167
164 168
165 168
165 169
166 170
167 170
167 171
168 171
168 172
169 172
169 173
169 174
170 175
172 176
173 176
173 177
174 177
174 178
175 178
177 248
177 249
178 181
178 182
179 182
179 183
180 183
180 184
181 184
181 185
182 185
182 186
183 186
183 187
184 187
184 188
185 188
185 189
186 189
188 191
193 138
194 196
196 199
196 200
197 201
198 201
198 202
199 202
199 203
200 203
200 204
201 204
201 205
202 205
202 206
205 208
205 209
206 210
207 210
207 211
208 211
208 212
209 212
209 213
210 214
211 214
211 215
212 215
212 216
215 217
217 220
219 240
220 217
220 222
225 237
227 235
229 232
233 229
235 227
237 225
238 221
239 242
240 243
240 244
243 245
243 246
244 247
246 179
246 180
250 39
251 253
257 259
258 34
259 34
259 35
260 34
