52 3
7 5
54 5
9 6
10 6
10 7
14 11
15 11
15 12
16 12
17 13
17 14
18 14
18 15
19 15
19 16
20 16
20 17
21 17
21 18
22 18
22 19
23 19
23 20
24 20
24 21
25 21
25 22
26 22
27 23
38 31
36 33
33 36
250 37
28 38
44 41
67 47
65 49
3 50
63 51
5 52
61 53
7 54
8 54
58 55
55 59
53 61
76 62
51 63
73 64
49 65
67 65
70 66
66 71
88 73
64 74
86 75
62 76
84 77
81 79
82 79
79 82
112 83
77 84
114 85
75 86
116 87
91 88
92 90
94 92
96 93
97 93
99 95
99 96
100 96
100 97
101 97
101 98
102 98
103 99
104 100
105 101
106 102
83 110
85 112
89 116
89 118
124 121
125 121
125 122
126 122
126 123
127 123
127 124
128 124
128 125
129 125
129 126
130 126
131 126
130 127
135 132
136 132
136 133
193 138
142 139
143 139
144 140
145 141
145 142
146 142
146 143
147 143
147 144
148 145
149 145
149 146
150 147
151 147
152 150
153 150
160 157
161 157
161 158
162 158
163 159
164 160
164 161
165 161
165 162
166 162
166 163
167 163
167 164
168 164
168 165
169 165
170 166
170 167
171 167
171 168
172 168
172 169
173 169
174 169
175 170
176 172
176 173
177 173
177 174
178 174
178 175
248 177
249 177
181 178
182 178
182 179
183 179
183 180
184 180
184 181
185 181
185 182
186 182
186 183
187 183
187 184
188 184
188 185
189 185
189 186
191 188
138 193
196 194
199 196
200 196
201 197
201 198
202 198
202 199
203 199
203 200
204 200
204 201
205 201
205 202
206 202
208 205
209 205
210 206
210 207
211 207
211 208
212 208
212 209
213 209
214 210
214 211
215 211
215 212
216 212
217 215
220 217
240 219
217 220
222 220
237 225
235 227
232 229
229 233
227 235
225 237
221 238
242 239
243 240
244 240
245 243
246 243
247 244
179 246
180 246
39 250
253 251
259 257
34 258
34 259
35 259
34 260
