0.9998159 102.80
0.9997553 98.73
0.9997665 95.48
0.9996838 92.10
0.9996199 89.16
0.9997356 86.58
0.9993867 85.99
0.9998243 84.81
0.9997001 83.56
0.9989776 83.33
0.9998459 82.26
0.9996913 81.15
0.9982439 80.60
0.9998111 80.37
0.9995864 78.36
0.9975445 77.91
0.9997382 77.70
0.9993689 75.92
0.9958180 75.51
0.9996106 75.45
0.9993971 73.28
0.9949203 73.15
0.9991094 73.12
0.9998388 72.50
0.9997826 71.82
0.9906692 70.93
0.9998212 70.86
0.9990207 70.85
0.9985488 70.52
0.9997895 70.27
0.9998123 69.36
0.9982990 68.81
0.9997503 68.19
0.9978732 68.07
0.9997274 67.37
0.9975998 66.71
0.9996086 66.18
0.9963247 65.85
0.9996313 65.49
0.9958936 64.72
0.9993683 64.33
0.9951232 63.88
0.9993767 63.69
0.9998002 63.03
0.9950368 62.74
0.9991139 62.14
0.9990234 61.87
0.9925350 61.82
0.9997907 61.74
0.9998399 61.62
0.9907859 60.88
0.9998043 60.47
0.9998163 60.28
0.9985852 60.14
0.9982884 60.06
0.9886491 60.00
0.9997973 58.96
0.9997045 58.82
0.9976239 58.50
0.9979873 58.11
0.9996331 57.41
0.9995907 57.29
0.9959685 56.66
0.9964718 56.29
0.9996324 55.78
0.9994123 55.74
0.9993363 55.59
0.9997716 55.42
0.9950837 55.04
0.9997277 54.60
0.9951925 54.60
0.9995570 54.22
0.9990788 54.09
0.9990415 54.02
0.9997995 53.62
0.9909333 53.49
0.9997381 53.28
0.9926664 52.96
0.9995550 52.74
0.9997915 52.49
0.9983498 52.41
0.9986289 52.24
0.9996823 51.97
0.9887817 51.78
0.9991976 51.49
0.9997812 51.11
0.9976859 50.89
0.9980182 50.57
0.9995385 50.44
0.9988701 50.05
0.9997184 49.91
0.9995867 49.83
0.9960200 49.59
0.9965037 49.08
0.9996621 49.07
0.9993268 49.06
0.9993853 48.47
0.9978413 48.44
0.9952612 48.14
0.9996139 47.86
0.9953126 47.71
0.9990309 47.59
0.9997641 47.03
0.9997491 46.89
0.9911016 46.84
0.9991163 46.79
0.9995931 46.65
0.9967818 46.64
0.9927516 46.29
0.9983946 46.21
0.9997289 46.02
0.9996676 45.55
0.9994257 45.48
0.9996289 45.41
0.9889791 45.35
0.9986609 45.34
0.9977202 44.98
0.9948394 44.87
0.9995991 44.81
0.9997174 44.80
0.9996318 44.40
0.9992772 44.13
0.9980681 43.96
0.9961050 43.56
0.9995455 43.51
0.9995871 43.46
0.9993047 43.38
0.9906571 43.32
0.9990314 42.85
0.9966085 42.79
0.9953679 42.54
0.9994798 42.43
0.9993779 42.33
0.9989334 42.33
0.9997030 42.28
0.9995222 42.11
0.9885461 41.85
0.9954058 41.60
0.9994920 41.52
0.9983357 41.45
0.9996608 41.39
0.9912589 41.34
0.9993276 41.22
0.9990993 41.06
0.9979143 40.79
0.9998367 40.71
0.9824562 40.56
0.9929484 40.49
0.9994413 40.43
0.9977087 40.35
0.9996029 40.27
0.9991766 40.01
0.9986685 39.71
0.9968659 39.44
0.9891906 39.42
0.9997782 39.40
0.9817894 39.31
0.9993552 39.22
0.9961594 39.12
0.9995045 39.03
0.9989072 38.94
0.9993977 38.79
0.9996765 38.56
0.9981032 38.48
0.9996297 38.35
0.9993701 38.33
0.9954578 38.21
0.9991980 38.12
0.9992895 38.07
0.9949645 37.95
0.9983100 37.76
0.9995950 37.71
0.9993432 37.60
0.9966844 37.44
0.9990708 37.20
0.9914520 37.20
0.9992445 37.17
0.9990582 36.83
0.9907720 36.78
0.9976879 36.58
0.9989894 36.56
0.9995400 36.54
0.9955352 36.36
0.9992507 36.05
0.9992842 36.03
0.9988135 35.96
0.9986626 35.59
0.9886870 35.56
0.9995053 35.49
0.9962334 35.48
0.9992499 35.38
0.9994498 35.37
0.9980403 35.37
0.9931048 35.33
0.9998044 35.21
0.9991125 35.02
0.9994851 34.93
0.9982192 34.86
0.9955565 34.69
0.9826676 34.69
0.9893672 34.57
0.9991614 34.47
0.9991996 34.41
0.9980838 34.41
0.9969206 34.21
0.9997739 34.17
0.9989208 34.00
0.9976602 33.89
0.9994343 33.81
0.9991933 33.75
0.9915701 33.74
0.9820033 33.68
0.9967148 33.51
0.9989722 33.33
0.9991150 33.30
0.9996968 33.29
0.9990833 33.29
0.9950674 33.12
0.9986729 32.90
0.9962167 32.84
0.9993299 32.75
0.9993975 32.72
0.9956224 32.50
0.9995860 32.44
0.9993766 32.36
0.9988911 32.34
0.9990307 32.14
0.9985767 32.14
0.9993625 32.09
0.9955009 32.01
0.9909401 31.98
0.9981248 31.93
0.9990582 31.86
0.9994526 31.60
0.9932562 31.54
0.9990861 31.49
0.9990666 31.41
0.9987414 31.32
0.9915941 31.16
0.9980508 31.11
0.9989202 31.04
0.9889218 31.02
0.9975551 30.98
0.9992286 30.97
0.9896171 30.93
0.9992186 30.92
0.9989013 30.90
0.9997312 30.86
0.9988614 30.84
0.9983321 30.52
0.9993000 30.39
0.9980892 30.34
0.9967423 30.22
0.9829006 30.17
0.9961347 30.15
0.9986039 30.14
0.9985629 30.10
0.9992031 30.01
0.9987746 29.96
0.9992424 29.89
0.9997244 29.85
0.9989428 29.82
0.9984958 29.78
0.9822393 29.54
0.9979059 29.47
0.9970139 29.40
0.9957102 29.37
0.9954640 29.29
0.9984127 29.25
0.9986453 29.21
0.9970693 29.15
0.9989513 29.12
0.9996553 29.03
0.9985123 28.99
0.9973879 28.78
0.9979679 28.74
0.9991500 28.70
0.9934215 28.66
0.9916199 28.57
0.9997129 28.56
0.9951883 28.41
0.9991940 28.40
0.9981014 28.37
0.9985566 28.24
0.9987210 28.21
0.9993937 28.17
0.9947561 28.08
0.9983477 28.03
0.9967402 28.02
0.9988088 27.97
0.9897707 27.97
0.9996745 27.95
0.9991014 27.91
0.9960323 27.83
0.9990094 27.68
0.9996562 27.58
0.9911326 27.54
0.9976682 27.50
0.9985362 27.43
0.9990440 27.40
0.9957303 27.25
0.9982253 27.24
0.9983777 27.15
0.9916537 27.12
0.9981454 27.08
0.9953775 27.07
0.9996660 27.05
0.9994425 27.05
0.9987207 26.94
0.9989653 26.90
0.9990822 26.73
0.9971796 26.70
0.9891157 26.66
0.9985381 26.62
0.9981570 26.54
0.9983603 26.46
0.9978540 26.46
0.9934359 26.45
0.9915971 26.40
0.9981710 26.36
0.9873455 26.31
0.9978875 26.30
0.9987068 26.29
0.9995702 26.25
0.9985404 26.09
0.9983538 26.07
0.9831853 25.99
0.9988895 25.98
0.9988083 25.97
0.9957890 25.96
0.9898274 25.81
0.9998012 25.71
0.9979119 25.67
0.9966876 25.60
0.9842033 25.57
0.9996332 25.55
0.9970448 25.55
0.9973496 25.54
0.9980062 25.48
0.9971901 25.45
0.9993244 25.43
0.9989359 25.43
0.9983466 25.41
0.9825011 25.37
0.9951767 25.32
0.9984424 25.22
0.9980706 25.22
0.9995863 25.03
0.9987552 25.02
0.9981687 25.00
0.9986235 24.90
0.9956912 24.84
0.9975987 24.82
0.9779134 24.82
0.9968646 24.80
0.9997083 24.74
0.9978287 24.72
0.9953605 24.71
0.9980997 24.68
0.9990015 24.66
0.9995849 24.64
0.9948893 24.63
0.9914850 24.63
0.9976959 24.38
0.9982395 24.32
0.9981142 24.31
0.9994111 24.26
0.9744986 24.23
0.9994468 24.21
0.9984401 24.18
0.9987983 24.16
0.9956301 24.13
0.9977248 24.12
0.9934729 24.12
0.9970247 24.00
0.9913134 23.97
0.9976276 23.92
0.9995060 23.89
0.9995097 23.87
0.9985402 23.87
0.9977550 23.80
0.9988155 23.79
0.9918043 23.77
0.9981484 23.71
0.9978780 23.63
0.9899189 23.60
0.9679570 23.59
0.9985038 23.57
0.9965144 23.57
0.9978545 23.53
0.9950424 23.53
0.9979036 23.45
0.9965838 23.43
0.9987400 23.41
0.9982210 23.37
0.9974849 23.28
0.9893838 23.24
0.9972517 23.16
0.9985355 23.15
0.9874895 23.15
0.9992715 23.12
0.9970713 23.01
0.9997019 22.98
0.9994674 22.96
0.9981502 22.91
0.9997915 22.87
0.9973542 22.87
0.9955637 22.84
0.9974556 22.83
0.9968402 22.83
0.9913835 22.82
0.9977039 22.75
0.9976038 22.74
0.9974724 22.67
0.9953971 22.66
0.9972759 22.61
0.9979841 22.57
0.9834215 22.54
0.9982787 22.51
0.9967241 22.51
0.9977431 22.49
0.9983004 22.46
0.9989548 22.43
0.9843992 22.43
0.9993930 22.42
0.9934378 22.36
0.9980664 22.29
0.9995845 22.28
0.9993926 22.26
0.9983479 22.22
0.9971596 22.18
0.9963221 22.18
0.9954687 22.16
0.9948542 22.16
0.9949068 22.09
0.9827947 22.01
0.9968754 21.93
0.9997223 21.91
0.9950630 21.89
0.9962994 21.84
0.9976114 21.82
0.9989784 21.81
0.9781169 21.81
0.9971110 21.78
0.9899542 21.77
0.9973152 21.75
0.9974575 21.74
0.9975859 21.68
0.9981303 21.67
0.9978854 21.65
0.9993225 21.58
0.9980612 21.58
0.9997730 21.55
0.9911973 21.51
0.9977627 21.47
0.9953689 21.47
0.9991563 21.46
0.9914321 21.45
0.9992966 21.44
0.9980678 21.44
0.9981094 21.42
0.9994672 21.39
0.9919497 21.38
0.9747422 21.38
0.9909228 21.37
0.9968919 21.34
0.9963193 21.16
0.9967628 21.15
0.9951003 21.15
0.9972389 21.03
0.9971822 21.03
0.9977066 21.02
0.9971369 21.01
0.9933107 20.99
0.9988470 20.98
0.9997138 20.93
0.9970033 20.92
0.9966721 20.87
0.9991765 20.83
0.9682560 20.83
0.9978775 20.82
0.9970443 20.80
0.9996546 20.78
0.9987950 20.76
0.9895504 20.75
0.9973990 20.73
0.9943983 20.69
0.9975450 20.66
0.9868831 20.66
0.9976380 20.65
0.9961095 20.65
0.9877068 20.63
0.9964189 20.62
0.9978224 20.61
0.9958319 20.55
0.9991616 20.54
0.9992249 20.50
0.9963354 20.45
0.9836176 20.40
0.9953133 20.35
0.9898686 20.35
0.9975003 20.30
0.9991710 20.28
0.9961352 20.21
0.9977148 20.19
0.9846357 20.19
0.9989869 20.18
0.9966056 20.16
0.9980856 20.11
0.9974187 20.10
0.9955538 20.10
0.9973705 20.09
0.9946140 20.09
0.9908707 20.09
0.9996825 20.08
0.9961610 20.08
0.9997173 20.04
0.9975978 20.04
0.9958320 20.00
0.9973759 19.98
0.9968637 19.98
0.9835832 19.97
0.9952053 19.92
0.9990785 19.87
0.9957569 19.81
0.9990317 19.79
0.9829984 19.78
0.9972475 19.76
0.9990586 19.73
0.9997627 19.72
0.9973081 19.66
0.9975324 19.62
0.9957813 19.62
0.9911614 19.62
0.9994690 19.60
0.9915023 19.59
0.9970621 19.57
0.9783997 19.57
0.9733642 19.55
0.9954101 19.53
0.9952409 19.50
0.9940106 19.49
0.9931742 19.49
0.9987403 19.47
0.9958938 19.47
0.9969856 19.46
0.9996296 19.43
0.9989024 19.43
0.9956292 19.43
0.9971372 19.42
0.9973068 19.39
0.9970548 19.28
0.9951819 19.23
0.9750250 19.20
0.9957909 19.16
0.9970056 19.15
0.9996520 19.14
0.9988659 19.09
0.9870951 19.08
0.9968733 19.07
0.9904351 19.06
0.9988599 19.03
0.9996473 19.02
0.9994915 19.02
0.9896241 19.02
0.9987849 19.01
0.9954795 19.01
0.9662189 18.96
0.9952876 18.93
0.9950332 18.93
0.9988538 18.92
0.9970200 18.90
0.9966007 18.90
0.9897430 18.88
0.9941838 18.87
0.9921241 18.87
0.9985001 18.83
0.9988429 18.82
0.9979219 18.82
0.9955340 18.79
0.9685625 18.77
0.9997129 18.74
0.9951924 18.72
0.9984793 18.71
0.9966230 18.71
0.9947819 18.70
0.9993815 18.67
0.9995581 18.65
0.9982876 18.63
0.9592255 18.62
0.9838096 18.61
0.9951006 18.58
0.9935567 18.54
0.9991826 18.53
0.9985650 18.53
0.9993853 18.51
0.9967068 18.51
0.9967306 18.48
0.9838048 18.47
0.9956218 18.46
0.9966256 18.43
0.9980847 18.42
0.9963523 18.41
0.9929991 18.41
0.9986157 18.39
0.9974615 18.39
0.9946211 18.38
0.9978002 18.35
0.9986169 18.33
0.9879147 18.30
0.9913204 18.29
0.9994344 18.25
0.9994755 18.21
0.9983490 18.21
0.9992290 18.20
0.9914345 18.20
0.9976215 18.19
0.9946853 18.18
0.9993723 18.17
0.9974748 18.14
0.9968951 18.14
0.9831903 18.14
0.9488434 18.11
0.9981158 18.09
0.9961842 18.09
0.9901671 18.07
0.9996348 18.06
0.9962630 18.06
0.9935284 18.06
0.9996768 18.00
0.9990885 18.00
0.9987931 17.98
0.9983424 17.96
0.9946988 17.95
0.9943395 17.95
0.9895181 17.95
0.9959519 17.92
0.9974819 17.90
0.9946976 17.90
0.9976565 17.88
0.9961561 17.86
0.9961771 17.85
0.9736513 17.81
0.9981443 17.80
0.9992994 17.79
0.9978209 17.77
0.9848782 17.76
0.9992675 17.75
0.9989650 17.75
0.9990006 17.74
0.9975901 17.74
0.9958360 17.74
0.9930570 17.74
0.9896506 17.72
0.9873010 17.67
0.9991816 17.66
0.9982728 17.63
0.9996201 17.61
0.9954360 17.61
0.9973193 17.60
0.9954784 17.60
0.9938380 17.58
0.9951990 17.56
0.9988378 17.55
0.9991650 17.53
0.9980117 17.51
0.9995766 17.49
0.9974970 17.49
0.9987737 17.48
0.9925459 17.48
0.9941401 17.45
0.9969901 17.41
0.9665567 17.40
0.9989773 17.39
0.9965483 17.38
0.9931047 17.38
0.9991020 17.37
0.9967089 17.37
0.9986775 17.36
0.9981663 17.35
0.9977208 17.34
0.9966041 17.34
0.9837872 17.34
0.9996923 17.32
0.9994789 17.30
0.9786645 17.30
0.9955721 17.29
0.9895242 17.29
0.9972869 17.28
0.9956815 17.27
0.9953990 17.27
0.9983686 17.25
0.9979968 17.23
0.9955619 17.23
0.9956213 17.22
0.9952965 17.21
0.9974123 17.20
0.9979639 17.17
0.9979015 17.17
0.9977276 17.16
0.9987312 17.15
0.9969115 17.15
0.9841063 17.15
0.9986629 17.14
0.9942458 17.11
0.9936848 17.11
0.9913098 17.11
0.9994554 17.10
0.9974992 17.10
0.9926425 17.10
0.9595452 17.09
0.9989126 17.08
0.9991118 17.07
0.9993689 17.05
0.9972941 17.05
0.9890591 17.03
0.9992370 17.01
0.9925839 17.00
0.9965227 16.98
0.9753092 16.96
0.9993308 16.95
0.9975387 16.95
0.9974626 16.91
0.9986757 16.90
0.9997399 16.89
0.9960585 16.89
0.9832770 16.89
0.9984057 16.88
0.9932706 16.87
0.9948156 16.78
0.9993253 16.77
0.9977649 16.77
0.9955308 16.77
0.9949951 16.77
0.9984523 16.76
0.9921229 16.76
0.9981231 16.75
0.9976786 16.75
0.9948095 16.75
0.9990780 16.74
0.9990734 16.74
0.9977036 16.73
0.9954988 16.73
0.9951640 16.72
0.9739580 16.72
0.9985783 16.71
0.9989085 16.70
0.9914648 16.70
0.9950263 16.69
0.9939203 16.69
0.9973353 16.68
0.9971005 16.66
0.9491328 16.65
0.9923550 16.64
0.9890044 16.64
0.9951140 16.62
0.9881332 16.62
0.9989460 16.59
0.9974127 16.59
0.9969550 16.59
0.9967300 16.59
0.9962436 16.59
0.9991860 16.58
0.9987357 16.55
0.9974459 16.55
0.9969425 16.55
0.9963530 16.55
0.9977756 16.54
0.9975115 16.53
0.9894475 16.52
0.9931417 16.49
0.9979517 16.48
0.9971764 16.48
0.9965208 16.48
0.9956150 16.48
0.9688772 16.48
0.9981723 16.47
0.9984972 16.46
0.9971388 16.46
0.9996973 16.45
0.9993771 16.44
0.9958001 16.43
0.9984074 16.42
0.9990450 16.41
0.9981812 16.41
0.9968513 16.38
0.9975446 16.36
0.9959758 16.35
0.9989236 16.32
0.9978076 16.32
0.9973471 16.31
0.9974219 16.30
0.9850971 16.30
0.9968180 16.28
0.9956064 16.25
0.9953494 16.25
0.9941748 16.25
0.9918119 16.25
0.9885474 16.25
0.9981319 16.24
0.9937954 16.24
0.9987131 16.23
0.9959205 16.22
0.9948217 16.22
0.9988374 16.21
0.9970661 16.21
0.9944514 16.21
0.9911288 16.21
0.9878557 16.20
0.9837483 16.20
0.9669347 16.20
0.9928242 16.19
0.9961920 16.18
0.9954534 16.18
0.9996929 16.17
0.9944682 16.17
0.9972889 16.16
0.9969777 16.16
0.9983756 16.13
0.9948337 16.13
0.9986655 16.12
0.9953275 16.12
0.9875379 16.12
0.9972132 16.11
0.9964832 16.11
0.9996602 16.10
0.9980035 16.08
0.9960112 16.08
0.9948745 16.07
0.9967888 16.06
0.9994069 16.05
0.9984021 16.04
0.9978035 16.04
0.9976302 16.04
0.9972467 16.04
0.9955995 16.04
0.9975676 16.01
0.9981545 16.00
0.9974574 16.00
0.9916665 16.00
0.9995791 15.98
0.9966900 15.98
0.9970467 15.96
0.9974448 15.95
0.9944900 15.95
0.9598527 15.95
0.9956297 15.94
0.9916580 15.94
0.9994646 15.93
0.9962859 15.93
0.9993522 15.92
0.9990517 15.91
0.9916370 15.91
0.9959265 15.89
0.9880908 15.89
0.9958462 15.88
0.9992162 15.86
0.9977645 15.86
0.9883684 15.86
0.9988616 15.85
0.9967169 15.85
0.9994315 15.84
0.9980238 15.84
0.9971618 15.84
0.9831819 15.84
0.9942827 15.83
0.9966070 15.82
0.9968552 15.81
0.9937100 15.79
0.9986624 15.77
0.9975219 15.77
0.9974815 15.77
0.9950074 15.77
0.9939830 15.77
0.9893883 15.77
0.9983854 15.76
0.9978773 15.76
0.9970040 15.76
0.9965002 15.76
0.9789560 15.76
0.9952066 15.75
0.9993794 15.74
0.9931448 15.74
0.9929598 15.74
0.9974285 15.73
0.9970710 15.73
0.9967976 15.73
0.9964633 15.72
0.9958555 15.72
0.9798229 15.72
0.9960185 15.71
0.9946562 15.71
0.9972524 15.70
0.9958863 15.69
0.9984891 15.68
0.9965182 15.68
0.9944407 15.68
0.9953414 15.67
0.9993090 15.66
0.9963001 15.66
0.9945381 15.66
0.9992028 15.65
0.9987404 15.65
0.9973158 15.64
0.9956134 15.64
0.9843364 15.64
0.9912562 15.62
0.9981528 15.61
0.9977229 15.61
0.9948044 15.61
0.9963528 15.60
0.9945283 15.60
0.9951195 15.58
0.9990455 15.57
0.9968595 15.57
0.9939294 15.57
0.9909821 15.57
0.9880392 15.57
0.9988889 15.55
0.9494256 15.55
0.9956359 15.52
0.9973283 15.51
0.9937288 15.49
0.9933036 15.49
0.9972331 15.48
0.9959142 15.47
0.9954089 15.46
0.9966981 15.44
0.9836859 15.43
0.9923838 15.42
0.9961926 15.41
0.9937031 15.41
0.9973406 15.40
0.9935023 15.40
0.9929903 15.40
0.9959757 15.39
0.9909355 15.38
0.9880155 15.38
0.9930043 15.37
0.9973378 15.36
0.9946443 15.36
0.9756035 15.36
0.9947584 15.34
0.9881093 15.34
0.9974258 15.33
0.9954600 15.33
0.9948504 15.33
0.9853365 15.33
0.9967389 15.32
0.9964213 15.32
0.9970124 15.31
0.9971694 15.30
0.9941080 15.29
0.9927262 15.29
0.9918063 15.29
0.9974763 15.28
0.9969650 15.27
0.9959727 15.27
0.9959293 15.27
0.9954752 15.25
0.9952153 15.23
0.9885558 15.23
0.9872146 15.23
0.9957326 15.22
0.9940703 15.18
0.9663331 15.18
0.9930350 15.17
0.9921619 15.17
0.9939271 15.15
0.9963937 15.14
0.9935296 15.14
0.9741917 15.14
0.9891889 15.13
0.9952157 15.12
0.9951255 15.11
0.9931814 15.11
0.9927263 15.11
0.9953604 15.10
0.9949077 15.09
0.9939443 15.09
0.9947552 15.08
0.9947740 15.07
0.9935097 15.07
0.9953961 15.06
0.9945184 15.06
0.9926613 15.06
0.9923378 15.06
0.9871638 15.06
0.9958816 15.05
0.9886939 15.05
0.9959473 15.04
0.9831412 15.04
0.9693021 15.02
0.9932437 15.01
0.9947305 15.00
0.9901722 14.99
0.9908380 14.98
0.9919273 14.97
0.9882528 14.97
0.9929831 14.96
0.9957065 14.92
0.9948668 14.90
0.9855815 14.89
0.9952171 14.86
0.9836418 14.86
0.9800370 14.86
0.9936335 14.84
0.9846346 14.83
0.9954787 14.82
0.9918180 14.82
0.9792696 14.82
0.9943819 14.80
0.9946278 14.79
0.9930428 14.79
0.9949891 14.78
0.9928214 14.77
0.9951522 14.74
0.9920452 14.74
0.9905204 14.74
0.9951229 14.73
0.9920680 14.73
0.9902070 14.73
0.9672377 14.71
0.9941616 14.70
0.9924752 14.70
0.9856435 14.70
0.9951325 14.69
0.9927112 14.69
0.9948182 14.68
0.9931404 14.68
0.9908179 14.68
0.9884225 14.68
0.9949993 14.67
0.9941165 14.67
0.9937351 14.67
0.9915111 14.67
0.9941997 14.66
0.9944690 14.65
0.9935611 14.65
0.9926348 14.65
0.9947927 14.64
0.9920738 14.64
0.9916166 14.63
0.9909114 14.63
0.9926121 14.62
0.9924538 14.62
0.9938172 14.61
0.9919370 14.61
0.9944006 14.59
0.9933728 14.59
0.9931530 14.59
0.9803084 14.59
0.9399889 14.59
0.9936528 14.58
0.9890864 14.58
0.9885498 14.57
0.9863960 14.56
0.9912841 14.54
0.9906780 14.54
0.9920571 14.50
0.9923150 14.49
0.9828968 14.49
0.9931938 14.48
0.9886744 14.47
0.9601460 14.47
0.9759464 14.46
0.9925479 14.45
0.9918516 14.44
0.9891340 14.44
0.9889798 14.44
0.9886683 14.44
0.9744948 14.42
0.9918868 14.40
0.9927067 14.39
0.9891801 14.39
0.9795457 14.39
0.9666002 14.34
0.9921890 14.30
0.9849219 14.29
0.9907718 14.28
0.9900889 14.28
0.9893847 14.27
0.9918478 14.26
0.9917618 14.26
0.9895967 14.26
0.9895642 14.26
0.9882126 14.26
0.9870787 14.26
0.9259517 14.26
0.9886780 14.25
0.9884056 14.25
0.9864806 14.25
0.9858357 14.25
0.9889422 14.24
0.9882432 14.24
0.9876612 14.24
0.9835057 14.24
0.9894973 14.23
0.9885052 14.22
0.9761512 14.22
0.9916112 14.21
0.9896839 14.20
0.9855547 14.20
0.9496928 14.20
0.9896264 14.19
0.9914770 14.18
0.9910563 14.18
0.9896497 14.17
0.9893131 14.17
0.9889828 14.17
0.9794834 14.17
0.9696156 14.17
0.9888940 14.15
0.9854493 14.15
0.9911054 14.14
0.9885098 14.13
0.9911551 14.12
0.9914485 14.11
0.9907426 14.11
0.9832844 14.10
0.9905746 14.09
0.9900587 14.09
0.9897862 14.09
0.9891729 14.09
0.9878820 14.07
0.9873571 14.06
0.9888382 14.05
0.9676068 14.05
0.9896124 14.04
0.9889172 14.04
0.9883967 14.03
0.9669701 14.03
0.9806018 14.02
0.9900289 14.00
0.9891502 13.99
0.9851530 13.99
0.9885766 13.97
0.9894050 13.95
0.9854671 13.95
0.9809806 13.94
0.9802383 13.94
0.9828561 13.93
0.9147401 13.93
0.9812610 13.92
0.9879768 13.90
0.9887888 13.89
0.9793503 13.88
0.9402999 13.88
0.9760950 13.86
0.9881667 13.85
0.9853679 13.85
0.9698734 13.85
0.9883120 13.84
0.9809467 13.83
0.9748718 13.83
0.9815426 13.82
0.9787140 13.82
0.9605357 13.82
0.9877563 13.81
0.9819212 13.81
0.9818522 13.81
0.9854113 13.80
0.9798717 13.80
0.9778074 13.79
0.9877015 13.77
0.9874152 13.77
0.9886235 13.76
0.9818259 13.76
0.9812169 13.76
0.9819003 13.74
0.8997383 13.74
0.9805253 13.73
0.9794185 13.73
0.9883207 13.72
0.9879830 13.70
0.9870114 13.70
0.9815978 13.69
0.9751380 13.69
0.9863770 13.68
0.9828949 13.68
0.9825027 13.68
0.9262382 13.68
0.9879165 13.67
0.9870425 13.67
0.9407393 13.67
0.9851643 13.66
0.9672796 13.66
0.9872911 13.62
0.9675681 13.62
0.9877169 13.61
0.9869531 13.61
0.9847124 13.61
0.9875760 13.59
0.9857796 13.59
0.9862802 13.58
0.9867590 13.57
0.9854153 13.57
0.9860090 13.56
0.9697966 13.56
0.9851697 13.55
0.9793789 13.54
0.9850836 13.53
0.9825992 13.53
0.9760646 13.53
0.9679652 13.53
0.9849270 13.52
0.9850549 13.49
0.9855464 13.45
0.9847775 13.44
0.9867512 13.43
0.9500663 13.43
0.9752501 13.40
0.9664653 13.40
0.9861046 13.39
0.9679601 13.39
0.9672017 13.39
0.9822773 13.38
0.9843501 13.37
0.9682079 13.37
0.9654441 13.37
0.9815818 13.36
0.9760761 13.36
0.9673056 13.35
0.9668758 13.35
0.9847489 13.34
0.9793043 13.34
0.9658092 13.34
0.9649783 13.34
0.9685915 13.33
0.9844191 13.32
0.9685865 13.31
0.9684636 13.31
0.9266772 13.31
0.9840032 13.30
0.9411375 13.30
0.9851666 13.29
0.9685620 13.29
0.9678581 13.29
0.9684669 13.28
0.9820638 13.27
0.9608234 13.27
0.9149594 13.27
0.9814707 13.26
0.9816964 13.23
0.8915400 13.23
0.9788407 13.22
0.9683251 13.22
0.9841414 13.20
0.9833274 13.20
0.9820109 13.20
0.9839670 13.19
0.9802208 13.19
0.9792283 13.19
0.9751438 13.19
0.9842100 13.17
0.9828919 13.17
0.9835789 13.16
0.9833617 13.16
0.9836582 13.15
0.9758355 13.15
0.9415541 13.15
0.9810127 13.14
0.9821844 13.13
0.9796201 13.13
0.9696767 13.13
0.9824831 13.10
0.9683401 13.10
0.9828569 13.09
0.9749474 13.09
0.9750908 13.08
0.9811967 13.07
0.9610779 13.06
0.9806160 13.04
0.9424546 13.04
0.9422199 13.04
0.9399457 13.01
0.9756687 12.99
0.9425298 12.99
0.9392848 12.98
0.9785561 12.97
0.9747077 12.97
0.9424642 12.97
0.9419753 12.97
0.9411088 12.97
0.9503327 12.96
0.9418963 12.96
0.9407412 12.96
0.9389480 12.96
0.9403000 12.95
0.9415839 12.94
0.8999796 12.94
0.9384577 12.93
0.9743863 12.92
0.9799469 12.91
0.9732402 12.91
0.9152860 12.91
0.9740886 12.89
0.9725537 12.89
0.9720005 12.89
0.9396077 12.89
0.9695903 12.88
0.9270721 12.87
0.9793010 12.86
0.9782035 12.85
0.9682734 12.85
0.9783031 12.84
0.9739451 12.84
0.9691991 12.80
0.9276723 12.80
0.9786594 12.79
0.9754323 12.79
0.9714615 12.79
0.9252949 12.79
0.9737596 12.78
0.9775401 12.77
0.9680926 12.76
0.9610929 12.76
0.9273894 12.76
0.9777289 12.75
0.9769145 12.74
0.9682845 12.72
0.9265221 12.71
0.9259736 12.71
0.9251240 12.71
0.9687802 12.70
0.9761230 12.68
0.9505919 12.68
0.9278092 12.67
0.9256591 12.67
0.9274709 12.66
0.9260564 12.65
0.9002134 12.65
0.9747530 12.64
0.9743175 12.64
0.9740106 12.64
0.9609846 12.64
0.9277578 12.64
0.9278508 12.63
0.9156027 12.62
0.9278943 12.61
0.9243999 12.60
0.9679126 12.56
0.9270987 12.56
0.9674525 12.55
0.9248339 12.55
0.9724317 12.54
0.9719256 12.54
0.9735382 12.53
0.8917732 12.53
0.9730343 12.52
0.9673013 12.50
0.9503566 12.50
0.9650106 12.48
0.9643204 12.48
0.9610471 12.48
0.9683219 12.47
0.9158327 12.47
0.9608290 12.45
0.9670319 12.44
0.9004964 12.42
0.9659509 12.41
0.9652546 12.39
0.9604669 12.39
0.9162246 12.39
0.9161151 12.39
0.9664407 12.38
0.9579997 12.38
0.9676899 12.36
0.9150983 12.34
0.9121917 12.34
0.9160700 12.32
0.9158026 12.32
0.9141523 12.32
0.9678981 12.31
0.9674101 12.31
0.9586964 12.31
0.9156452 12.31
0.9136701 12.31
0.9584613 12.30
0.9160573 12.29
0.9142332 12.29
0.9127794 12.29
0.9145701 12.28
0.9575151 12.27
0.9134370 12.27
0.9602540 12.26
0.9597207 12.26
0.9502888 12.25
0.8920091 12.24
0.9570758 12.22
0.9130280 12.21
0.8968387 12.20
0.9593576 12.19
0.9502288 12.19
0.9668720 12.18
0.9658728 12.16
0.9653102 12.16
0.9009177 12.16
0.9006308 12.16
0.9664795 12.15
0.9499514 12.13
0.9004111 12.13
0.9494152 12.11
0.8977148 12.11
0.8973443 12.11
0.9006933 12.10
0.8999790 12.10
0.8986931 12.10
0.9004745 12.08
0.9008502 12.07
0.8981094 12.07
0.8979829 12.06
0.8990040 12.04
0.8993198 12.03
0.8985768 12.03
0.9490573 11.99
0.9465158 11.96
0.9470967 11.95
0.8893044 11.92
0.8922758 11.90
0.9484718 11.89
0.9479949 11.89
0.9474541 11.89
0.9486488 11.85
0.9476191 11.85
0.8921714 11.85
0.8924527 11.84
0.8918165 11.79
0.8904248 11.79
0.8902527 11.78
0.8887585 11.77
0.8922420 11.76
0.8912943 11.75
0.8898871 11.75
0.8890401 11.75
0.8916400 11.74
0.8909702 11.72
0.8896886 11.72
0.8877461 11.71
0.8883758 11.66
