59.24870	58.99543	59.01239
512.55177	512.55177	512.55170
22.30496	22.59506	22.59506
67.78553	67.94600	67.94600
164.02348	164.02336	164.02366
53.41675	53.57634	53.57634
59.86837	59.94004	59.86840
169.54227	169.54228	169.54227
64.84500	64.84500	64.88532
102.75045	102.79739	102.65626
28.49466	27.90537	28.71279
325.35792	325.35792	325.35792
25.20576	25.20576	25.20576
45.56600	45.54883	45.56600
27.28210	27.03071	27.03071
60.94632	60.94632	60.94632
76.79022	76.79022	76.99620
24.20919	24.30643	24.71337
18.66021	18.85278	18.85278
14.34341	14.34341	14.34341
32.17417	32.21130	32.34367
73.90605	73.91290	73.91290
57.33083	57.68571	57.86227
69.80702	69.80702	69.80702
27.90880	28.12208	28.12208
23.59610	23.32330	23.48072
111.22810	111.22810	111.22810
70.07792	70.08143	70.08143
24.89260	25.18176	24.89260
37.58281	37.61311	37.61814
34.88825	35.08464	35.08464
11.42265	11.50088	11.50088
138.39996	138.54876	138.24809
46.81730	46.81730	46.81729
18.98999	18.98999	18.98999
43.30994	43.30994	43.59901
45.54679	45.15048	45.60126
136.13735	136.13735	136.13735
64.57192	64.56899	64.53264
36.46480	36.65346	36.65346
51.81371	52.19313	52.19313
59.29142	59.29142	59.29145
25.25205	25.25206	24.84467
117.36366	117.36365	117.36365
36.92778	36.92778	36.92778
172.87477	172.87509	172.87524
85.11075	85.11076	85.11075
70.36601	70.07325	70.23460
36.15988	36.15988	36.15988
58.84958	58.79161	58.79161
79.97701	79.97695	80.09062
118.93948	118.93948	118.93948
133.89022	134.08849	134.08849
45.40525	45.13617	45.22811
53.77852	53.77852	53.77852
15.39350	15.50210	15.39350
8.37645	8.37645	8.69933
49.96515	50.08524	50.08524
111.24315	111.24315	111.30069
66.09152	66.11036	66.11035
283.74569	283.74569	283.74569
24.91837	24.91837	24.91837
137.07160	137.07160	136.90996
177.26185	177.26185	177.26186
111.93875	111.93875	111.93875
49.83896	49.83896	49.81038
57.22157	57.22157	57.22157
43.71700	43.71700	43.50108
17.66000	17.66000	17.66000
11.24226	11.24226	11.24226
47.49900	47.59161	47.60750
83.37009	80.92471	80.92473
114.38701	114.67073	114.67073
9.24664	9.24664	9.24664
69.03090	69.03087	69.03087
15.98433	13.51642	13.26522
34.90298	34.90298	34.93647
24.12029	24.12029	24.12029
387.81697	387.59319	387.72940
51.43384	51.42226	51.35780
90.78720	90.67538	90.70767
34.01467	34.01467	34.01467
31.44341	31.53288	31.49132
59.08259	58.89660	59.10539
62.43990	62.36541	62.36541
61.92166	61.84771	61.77196
128.58497	128.77313	128.77308
12.55715	12.55715	12.55715
34.00093	33.39178	33.39178
29.31681	29.29112	29.31681
13.57542	13.76325	13.76325
80.81082	80.94642	80.94642
40.70730	40.46742	39.92168
121.67959	121.67959	121.67959
120.64897	120.64897	120.64897
57.07216	57.07216	56.99718
235.28283	235.28283	235.28283
54.02119	53.77409	54.36878
57.60687	58.16225	58.16225
15.72457	15.72457	15.72457
41.22017	41.18478	41.32234
45.96767	46.14536	46.14536
93.94582	93.94583	93.94583
89.37623	89.37623	89.37623
75.97718	75.90890	75.97718
267.15080	267.15077	267.15074
32.57249	32.57249	32.56633
84.44876	84.55311	84.34174
46.92907	46.92907	46.92907
107.19502	107.19502	107.19502
77.55539	77.57069	77.57069
65.21615	65.21615	65.21615
69.98469	69.98469	69.98469
101.07441	101.07441	101.07441
50.83670	50.83670	50.83670
91.80055	92.10178	92.10178
16.54925	16.69085	16.75261
27.01836	26.87073	26.87073
132.07371	132.07368	132.07372
143.21746	143.21746	143.33570
18.64749	18.64749	18.64749
23.10084	23.02053	23.02053
156.28878	156.28878	156.28878
34.24037	33.93342	33.93342
138.23366	137.88690	138.30538
119.62001	119.62016	119.61993
40.17121	40.17121	40.17121
29.14757	29.08150	29.06886
37.36237	37.36237	37.36237
40.21719	40.71856	40.71856
51.09629	51.09629	51.09629
228.63090	228.27744	228.27743
183.15302	183.18656	183.45688
38.87767	38.87767	39.19973
79.30305	79.54464	79.54464
44.43556	44.94390	44.94390
50.37750	50.29570	50.15332
267.35491	266.98894	266.98894
58.96542	59.14279	59.14279
66.07104	66.07104	66.07104
14.35369	14.12188	14.12188
139.51510	139.73022	139.82065
37.96643	37.57857	38.04120
17.90219	17.90220	17.90220
154.29363	154.29364	154.29364
40.40745	40.40745	40.40745
8.55645	8.55645	8.55645
30.84140	30.60273	30.60273
235.29081	234.81155	234.81155
13.54688	13.54688	13.29662
19.39430	19.39430	19.44080
98.04206	98.04213	98.04214
295.63437	295.63437	295.63634
218.87794	218.87794	218.93667
254.42939	254.15835	254.15835
150.83536	150.83547	150.83547
123.37296	123.37284	123.37288
48.93876	49.18613	49.18613
98.89028	98.89028	98.89028
36.15889	36.29419	36.29419
44.33775	44.23866	44.23866
83.52528	83.52528	83.25939
31.37911	31.37911	31.14433
80.17521	80.10860	80.10860
16.61653	14.08907	14.24902
43.81150	43.79602	43.81843
148.31704	148.31704	148.31704
110.15517	110.15518	110.15522
23.02122	23.02122	23.02122
60.63190	60.63191	60.63191
66.14598	66.14599	66.14598
98.05021	98.05020	98.05018
186.95185	186.95185	186.95185
64.97618	64.97618	64.97618
81.06372	80.99675	80.99668
116.93547	116.95739	116.95739
199.85717	199.85718	199.85718
161.24685	160.18251	160.18251
66.46473	66.40085	66.46472
116.14231	116.06372	116.06372
39.17815	39.20489	39.16744
141.00251	141.36119	141.35631
48.05996	47.79358	47.80228
146.06926	146.26510	146.26510
20.49744	20.34255	20.34255
12.48020	12.20398	11.95739
17.15928	17.15928	17.15928
24.12468	24.62068	24.62068
125.87433	125.87433	125.87433
39.25523	39.62488	39.62488
49.72148	49.72148	49.33873
203.49860	203.49860	203.49859
147.93733	147.58116	147.58116
184.55619	184.55619	184.55619
12.30113	12.30113	12.81606
18.98327	18.93846	18.93846
19.03821	18.93675	18.93675
68.89845	69.22283	69.22283
17.50718	17.50718	16.80012
28.03652	28.03652	28.03652
77.52353	77.44625	77.44621
28.00365	27.98358	27.98358
82.58195	82.60045	82.60045
406.11857	406.11857	406.11857
25.84235	25.84237	25.06093
73.59105	73.74069	73.74069
39.74626	39.42232	39.42232
16.63641	16.63367	16.63367
20.92185	21.20593	21.58799
33.66447	33.66447	33.68485
63.72982	63.72982	63.72982
20.58209	20.47982	20.58209
97.87319	97.90288	97.90288
134.79423	134.74985	134.74985
71.14559	71.74161	71.74161
50.78588	50.26420	51.11084
41.46704	41.46704	41.46704
121.18978	121.18978	121.18978
50.47696	50.47695	50.47695
65.69828	65.69828	65.69828
40.12171	40.14958	40.14958
70.87660	70.96800	70.96801
40.14423	40.47938	40.47938
197.45985	197.49930	197.34802
15.26979	15.26979	14.53016
25.39447	25.39447	25.39448
43.61479	43.82699	43.84329
16.38627	16.38627	16.38627
64.29256	64.20912	64.20912
49.82306	49.82305	49.82306
80.47410	80.13005	80.32030
158.28539	158.37261	158.38297
41.32914	41.32914	41.32914
62.42334	62.41691	62.42334
142.24626	142.33507	142.33507
8.55564	8.55564	8.55564
45.36099	45.58493	45.58493
96.41910	96.39857	96.39857
45.44683	45.50693	45.50693
139.41795	139.69565	139.39151
106.18217	106.10431	106.10431
57.06755	56.96208	56.96208
58.92198	58.92198	58.92198
94.83912	94.75238	94.83372
249.06295	249.06295	249.06295
27.65285	27.65285	27.65285
253.45008	253.45008	253.45009
12.91242	13.74829	13.74829
27.23217	27.23217	27.23217
105.65547	105.41537	105.41537
13.07686	12.79255	13.60385
186.36037	186.60779	186.60779
14.56370	14.56370	14.56370
41.99319	41.69746	42.08866
80.48220	80.48220	80.48220
24.24696	24.15678	24.28281
50.68230	50.68230	50.68230
48.88268	48.88268	48.84004
25.29144	25.36060	25.36060
65.86001	65.86001	65.86001
47.29034	47.29034	47.29034
181.84792	181.84792	181.84792
153.05305	153.14137	153.14137
46.23712	46.23712	46.23712
108.55303	108.55305	108.55302
223.20085	223.20080	223.20078
15.73773	15.73773	15.73773
15.72639	15.98019	15.98019
140.12389	140.12340	140.12338
178.61873	178.31223	178.31223
34.10610	34.10610	34.19516
27.70242	27.70242	27.70242
20.25221	20.37695	20.37695
59.04818	59.04823	59.04817
69.98452	70.05638	70.11295
250.44872	250.44872	250.44872
33.41724	33.41724	33.41724
38.83883	38.33339	38.83883
123.71896	123.71897	123.71897
50.28897	50.37927	50.37927
189.91360	190.03778	190.03778
94.38443	94.20243	94.38443
82.98256	82.98258	83.06556
37.13417	37.13270	37.26544
73.85871	73.85871	73.88374
57.58131	57.58130	57.58130
235.82443	235.82430	235.82435
84.49449	84.46042	84.46042
28.10191	28.16294	28.16294
52.02384	51.81107	52.07930
164.45278	164.45278	164.45278
205.18564	205.18564	205.18565
31.07172	31.06824	31.07172
25.65838	25.97561	25.97561
30.32223	31.20165	30.81025
88.55359	89.10376	89.10376
177.70922	177.70923	177.70922
41.31530	40.40098	41.31530
92.76167	92.15639	92.55983
120.87931	120.87931	121.28861
134.15752	133.55891	133.95147
11.94059	11.94059	11.94059
194.35588	195.04479	195.04463
61.55127	61.55127	61.55127
152.54048	152.54048	152.54048
127.81792	127.81792	127.81792
231.43636	231.43635	231.43636
131.07708	131.38958	131.38956
158.60941	158.60941	158.60941
17.29650	17.09693	17.09693
16.30118	16.45064	16.45064
41.46643	41.78360	42.13235
59.91149	59.39755	59.39755
20.56876	20.56876	20.56876
84.54829	84.54829	84.54829
19.11614	19.11614	18.48781
84.19981	84.19981	84.19981
106.73722	106.83629	106.83629
23.90140	23.90140	23.90140
39.52640	39.52640	39.52640
20.74315	20.74315	20.74315
54.65929	54.51976	54.51976
26.04881	26.04881	26.04881
227.12075	227.12078	227.12076
17.68584	17.68584	17.68584
30.04919	30.16701	30.16701
92.96664	93.09133	93.09133
68.81878	68.93498	68.93498
39.61512	39.61512	39.61512
169.05113	169.05113	169.05113
66.29023	66.52574	66.27515
214.91763	214.91765	214.91765
74.52243	74.62717	74.62717
13.91543	13.91543	14.26031
57.03585	57.03585	57.03585
14.71286	14.90546	14.90546
12.36441	12.36441	12.36441
65.28858	65.28858	65.28858
186.00458	186.00458	186.00458
55.04948	54.41958	54.97656
165.57885	165.63264	165.63263
303.94621	303.73644	303.73644
63.13511	63.13512	63.10625
34.08125	34.08125	33.98086
44.88163	45.06610	45.06610
30.58809	30.58809	30.58809
256.94614	256.96828	256.96829
36.64235	36.64235	36.54419
89.70884	90.09770	90.09770
11.96674	12.62030	13.12620
35.19333	35.19333	35.02328
493.49449	493.49449	493.49449
140.54821	140.54822	140.54821
97.33518	97.33518	97.33518
34.86340	35.00747	34.95885
72.80322	72.80323	72.80322
79.72234	79.68741	79.59304
16.53652	16.53652	16.53652
188.51162	188.51157	188.51160
90.42860	90.42859	90.42859
104.06452	104.06452	104.04442
27.88314	27.88314	27.93179
31.65663	31.44674	31.44674
46.75488	46.75492	46.75488
67.20623	67.18936	67.18936
73.32074	73.32074	73.32074
70.75737	70.80697	70.80697
223.63295	223.63294	223.63293
102.85334	102.89651	102.89651
91.33814	91.33814	91.33814
75.15044	75.15044	75.15044
44.62518	44.12477	44.62518
78.17440	78.25524	78.25524
32.85518	32.86185	32.85518
15.32228	15.10090	15.32228
195.69401	195.69973	195.69972
103.46050	103.46051	103.46051
94.54012	94.54012	94.54012
67.23606	67.23606	67.23606
69.12111	69.12111	69.12111
144.50865	144.72211	144.72211
107.04102	107.16712	107.04102
532.45313	532.45313	532.45313
15.08465	15.08465	15.08465
25.73923	25.73923	25.73923
95.34462	95.04150	95.40121
20.58606	20.57120	20.58606
89.05202	89.02387	89.03438
97.04480	97.15795	97.15795
34.07837	33.96724	34.03388
54.78149	54.66040	54.78149
37.78395	38.07961	38.07961
18.99958	19.18404	19.18404
253.60275	253.56186	253.04398
139.72872	139.72872	139.72872
23.86077	24.13917	24.19860
76.02980	76.02980	76.02980
89.35874	89.41099	89.41099
36.81907	36.51332	36.63717
120.04569	120.44592	120.44593
49.53753	49.67114	49.67114
51.69258	51.70947	51.70947
22.50978	23.17468	23.19139
140.27328	140.27250	140.27250
67.22339	67.22338	67.22339
210.19837	210.19837	210.19835
45.24515	45.11354	45.11354
44.23527	44.19890	44.23526
13.08810	13.15722	13.25784
283.76294	283.76294	283.49694
51.03632	51.03632	51.03632
119.26377	119.26389	119.26400
51.14369	51.14159	51.14159
110.58876	110.48380	110.48380
146.85304	146.85325	146.85283
79.78638	79.91300	79.78639
180.72447	180.62611	180.42650
195.66432	195.66432	195.66432
70.48087	70.48087	70.48087
106.87123	106.87123	106.87123
14.06621	14.06621	14.00084
35.72902	35.93051	35.93051
84.08731	84.33984	84.33984
13.01091	12.82456	13.17141
100.18621	100.14960	100.18621
140.84405	140.75587	140.84404
53.26037	53.26037	53.26037
42.37463	42.58163	42.38473
67.01666	67.01666	67.01666
67.30121	67.30124	67.30123
134.04922	134.04922	134.14904
269.61872	269.61872	269.61872
96.07676	96.07678	96.07678
38.54417	38.65578	38.65578
104.05950	104.09581	104.09581
268.59019	268.59019	268.59019
30.51269	30.51269	30.51269
58.26968	58.21723	58.26968
149.38585	149.38583	149.38586
17.80797	17.81325	18.08057
149.40451	149.50332	149.50332
10.13360	10.13360	10.13360
132.94967	134.27820	134.25570
87.98366	87.91086	87.91057
172.66810	172.66791	172.66815
26.27763	26.27763	26.47185
98.83323	98.83323	98.83323
101.62114	101.66091	101.66091
17.85761	17.85761	17.51919
61.88203	61.99651	61.99651
12.47578	12.47578	12.47578
212.47922	212.47922	212.47922
74.74941	74.73680	74.73680
251.37259	251.37259	251.37259
24.82985	24.82986	24.82986
37.42281	37.36812	37.36812
262.71653	262.43388	262.43357
57.55719	57.74065	57.74065
41.49684	41.35006	41.67700
371.46123	371.46125	371.46125
78.28580	78.28580	78.28580
94.81008	94.80112	94.80112
113.68922	113.68922	113.68922
34.58337	34.58337	34.35423
84.10260	84.32659	84.32660
257.52998	257.52998	257.52998
28.27882	27.82013	28.20538
86.39415	86.39415	86.39415
10.92746	10.92746	10.92746
182.62993	182.62993	182.62993
20.20218	20.20218	20.20218
32.84608	32.84608	32.84608
24.56112	24.56112	24.56112
18.60482	18.60482	18.60482
49.15328	49.62974	49.62974
15.08421	14.84365	15.08421
87.37297	87.37883	87.37883
291.64826	291.64873	291.64789
33.95085	33.96082	34.06649
11.97186	12.40930	12.40930
21.00230	21.00230	21.00230
44.50567	44.50567	44.50567
54.63471	54.63471	54.63471
62.12943	62.12942	61.43937
155.91686	155.81914	155.81914
38.10212	38.14119	37.87856
347.03858	347.03858	347.03858
57.03268	57.03268	57.18542
113.28510	113.28510	113.28510
84.05890	84.05890	84.05890
108.83038	108.83038	108.83038
144.57858	144.57858	144.57858
133.30671	133.84014	133.84005
233.68128	233.21038	233.79799
95.86456	95.86456	95.87480
158.15465	158.16008	158.16008
105.51955	105.51954	105.51957
72.53703	72.53703	72.53703
25.24347	25.24347	25.24347
59.42854	59.42854	59.42854
