59.24870
512.55177
22.30496
67.78553
164.02348
53.41675
59.86837
169.54227
64.84500
102.75045
28.49466
325.35792
25.20576
45.56600
27.28210
60.94632
76.79022
24.20919
18.66021
14.34341
32.17417
73.90605
57.33083
69.80702
27.90880
23.59610
111.22810
70.07792
24.89260
37.58281
34.88825
11.42265
138.39996
46.81730
18.98999
43.30994
45.54679
136.13735
64.57192
36.46480
51.81371
59.29142
25.25205
117.36366
36.92778
172.87477
85.11075
70.36601
36.15988
58.84958
79.97701
118.93948
133.89022
45.40525
53.77852
15.39350
8.37645
49.96515
111.24315
66.09152
283.74569
24.91837
137.07160
177.26185
111.93875
49.83896
57.22157
43.71700
17.66000
11.24226
47.49900
83.37009
114.38701
9.24664
69.03090
15.98433
34.90298
24.12029
387.81697
51.43384
90.78720
34.01467
31.44341
59.08259
62.43990
61.92166
128.58497
12.55715
34.00093
29.31681
13.57542
80.81082
40.70730
121.67959
120.64897
57.07216
235.28283
54.02119
57.60687
15.72457
41.22017
45.96767
93.94582
89.37623
75.97718
267.15080
32.57249
84.44876
46.92907
107.19502
77.55539
65.21615
69.98469
101.07441
50.83670
91.80055
16.54925
27.01836
132.07371
143.21746
18.64749
23.10084
156.28878
34.24037
138.23366
119.62001
40.17121
29.14757
37.36237
40.21719
51.09629
228.63090
183.15302
38.87767
79.30305
44.43556
50.37750
267.35491
58.96542
66.07104
14.35369
139.51510
37.96643
17.90219
154.29363
40.40745
8.55645
30.84140
235.29081
13.54688
19.39430
98.04206
295.63437
218.87794
254.42939
150.83536
123.37296
48.93876
98.89028
36.15889
44.33775
83.52528
31.37911
80.17521
16.61653
43.81150
148.31704
110.15517
23.02122
60.63190
66.14598
98.05021
186.95185
64.97618
81.06372
116.93547
199.85717
161.24685
66.46473
116.14231
39.17815
141.00251
48.05996
146.06926
20.49744
12.48020
17.15928
24.12468
125.87433
39.25523
49.72148
203.49860
147.93733
184.55619
12.30113
18.98327
19.03821
68.89845
17.50718
28.03652
77.52353
28.00365
82.58195
406.11857
25.84235
73.59105
39.74626
16.63641
20.92185
33.66447
63.72982
20.58209
97.87319
134.79423
71.14559
50.78588
41.46704
121.18978
50.47696
65.69828
40.12171
70.87660
40.14423
197.45985
15.26979
25.39447
43.61479
16.38627
64.29256
49.82306
80.47410
158.28539
41.32914
62.42334
142.24626
8.55564
45.36099
96.41910
45.44683
139.41795
106.18217
57.06755
58.92198
94.83912
249.06295
27.65285
253.45008
12.91242
27.23217
105.65547
13.07686
186.36037
14.56370
41.99319
80.48220
24.24696
50.68230
48.88268
25.29144
65.86001
47.29034
181.84792
153.05305
46.23712
108.55303
223.20085
15.73773
15.72639
140.12389
178.61873
34.10610
27.70242
20.25221
59.04818
69.98452
250.44872
33.41724
38.83883
123.71896
50.28897
189.91360
94.38443
82.98256
37.13417
73.85871
57.58131
235.82443
84.49449
28.10191
52.02384
164.45278
205.18564
31.07172
25.65838
30.32223
88.55359
177.70922
41.31530
92.76167
120.87931
134.15752
11.94059
194.35588
61.55127
152.54048
127.81792
231.43636
131.07708
158.60941
17.29650
16.30118
41.46643
59.91149
20.56876
84.54829
19.11614
84.19981
106.73722
23.90140
39.52640
20.74315
54.65929
26.04881
227.12075
17.68584
30.04919
92.96664
68.81878
39.61512
169.05113
66.29023
214.91763
74.52243
13.91543
57.03585
14.71286
12.36441
65.28858
186.00458
55.04948
165.57885
303.94621
63.13511
34.08125
44.88163
30.58809
256.94614
36.64235
89.70884
11.96674
35.19333
493.49449
140.54821
97.33518
34.86340
72.80322
79.72234
16.53652
188.51162
90.42860
104.06452
27.88314
31.65663
46.75488
67.20623
73.32074
70.75737
223.63295
102.85334
91.33814
75.15044
44.62518
78.17440
32.85518
15.32228
195.69401
103.46050
94.54012
67.23606
69.12111
144.50865
107.04102
532.45313
15.08465
25.73923
95.34462
20.58606
89.05202
97.04480
34.07837
54.78149
37.78395
18.99958
253.60275
139.72872
23.86077
76.02980
89.35874
36.81907
120.04569
49.53753
51.69258
22.50978
140.27328
67.22339
210.19837
45.24515
44.23527
13.08810
283.76294
51.03632
119.26377
51.14369
110.58876
146.85304
79.78638
180.72447
195.66432
70.48087
106.87123
14.06621
35.72902
84.08731
13.01091
100.18621
140.84405
53.26037
42.37463
67.01666
67.30121
134.04922
269.61872
96.07676
38.54417
104.05950
268.59019
30.51269
58.26968
149.38585
17.80797
149.40451
10.13360
132.94967
87.98366
172.66810
26.27763
98.83323
101.62114
17.85761
61.88203
12.47578
212.47922
74.74941
251.37259
24.82985
37.42281
262.71653
57.55719
41.49684
371.46123
78.28580
94.81008
113.68922
34.58337
84.10260
257.52998
28.27882
86.39415
10.92746
182.62993
20.20218
32.84608
24.56112
18.60482
49.15328
15.08421
87.37297
291.64826
33.95085
11.97186
21.00230
44.50567
54.63471
62.12943
155.91686
38.10212
347.03858
57.03268
113.28510
84.05890
108.83038
144.57858
133.30671
233.68128
95.86456
158.15465
105.51955
72.53703
25.24347
59.42854
