58.99543
512.55177
22.59506
67.94600
164.02336
53.57634
59.94004
169.54228
64.84500
102.79739
27.90537
325.35792
25.20576
45.54883
27.03071
60.94632
76.79022
24.30643
18.85278
14.34341
32.21130
73.91290
57.68571
69.80702
28.12208
23.32330
111.22810
70.08143
25.18176
37.61311
35.08464
11.50088
138.54876
46.81730
18.98999
43.30994
45.15048
136.13735
64.56899
36.65346
52.19313
59.29142
25.25206
117.36365
36.92778
172.87509
85.11076
70.07325
36.15988
58.79161
79.97695
118.93948
134.08849
45.13617
53.77852
15.50210
8.37645
50.08524
111.24315
66.11036
283.74569
24.91837
137.07160
177.26185
111.93875
49.83896
57.22157
43.71700
17.66000
11.24226
47.59161
80.92471
114.67073
9.24664
69.03087
13.51642
34.90298
24.12029
387.59319
51.42226
90.67538
34.01467
31.53288
58.89660
62.36541
61.84771
128.77313
12.55715
33.39178
29.29112
13.76325
80.94642
40.46742
121.67959
120.64897
57.07216
235.28283
53.77409
58.16225
15.72457
41.18478
46.14536
93.94583
89.37623
75.90890
267.15077
32.57249
84.55311
46.92907
107.19502
77.57069
65.21615
69.98469
101.07441
50.83670
92.10178
16.69085
26.87073
132.07368
143.21746
18.64749
23.02053
156.28878
33.93342
137.88690
119.62016
40.17121
29.08150
37.36237
40.71856
51.09629
228.27744
183.18656
38.87767
79.54464
44.94390
50.29570
266.98894
59.14279
66.07104
14.12188
139.73022
37.57857
17.90220
154.29364
40.40745
8.55645
30.60273
234.81155
13.54688
19.39430
98.04213
295.63437
218.87794
254.15835
150.83547
123.37284
49.18613
98.89028
36.29419
44.23866
83.52528
31.37911
80.10860
14.08907
43.79602
148.31704
110.15518
23.02122
60.63191
66.14599
98.05020
186.95185
64.97618
80.99675
116.95739
199.85718
160.18251
66.40085
116.06372
39.20489
141.36119
47.79358
146.26510
20.34255
12.20398
17.15928
24.62068
125.87433
39.62488
49.72148
203.49860
147.58116
184.55619
12.30113
18.93846
18.93675
69.22283
17.50718
28.03652
77.44625
27.98358
82.60045
406.11857
25.84237
73.74069
39.42232
16.63367
21.20593
33.66447
63.72982
20.47982
97.90288
134.74985
71.74161
50.26420
41.46704
121.18978
50.47695
65.69828
40.14958
70.96800
40.47938
197.49930
15.26979
25.39447
43.82699
16.38627
64.20912
49.82305
80.13005
158.37261
41.32914
62.41691
142.33507
8.55564
45.58493
96.39857
45.50693
139.69565
106.10431
56.96208
58.92198
94.75238
249.06295
27.65285
253.45008
13.74829
27.23217
105.41537
12.79255
186.60779
14.56370
41.69746
80.48220
24.15678
50.68230
48.88268
25.36060
65.86001
47.29034
181.84792
153.14137
46.23712
108.55305
223.20080
15.73773
15.98019
140.12340
178.31223
34.10610
27.70242
20.37695
59.04823
70.05638
250.44872
33.41724
38.33339
123.71897
50.37927
190.03778
94.20243
82.98258
37.13270
73.85871
57.58130
235.82430
84.46042
28.16294
51.81107
164.45278
205.18564
31.06824
25.97561
31.20165
89.10376
177.70923
40.40098
92.15639
120.87931
133.55891
11.94059
195.04479
61.55127
152.54048
127.81792
231.43635
131.38958
158.60941
17.09693
16.45064
41.78360
59.39755
20.56876
84.54829
19.11614
84.19981
106.83629
23.90140
39.52640
20.74315
54.51976
26.04881
227.12078
17.68584
30.16701
93.09133
68.93498
39.61512
169.05113
66.52574
214.91765
74.62717
13.91543
57.03585
14.90546
12.36441
65.28858
186.00458
54.41958
165.63264
303.73644
63.13512
34.08125
45.06610
30.58809
256.96828
36.64235
90.09770
12.62030
35.19333
493.49449
140.54822
97.33518
35.00747
72.80323
79.68741
16.53652
188.51157
90.42859
104.06452
27.88314
31.44674
46.75492
67.18936
73.32074
70.80697
223.63294
102.89651
91.33814
75.15044
44.12477
78.25524
32.86185
15.10090
195.69973
103.46051
94.54012
67.23606
69.12111
144.72211
107.16712
532.45313
15.08465
25.73923
95.04150
20.57120
89.02387
97.15795
33.96724
54.66040
38.07961
19.18404
253.56186
139.72872
24.13917
76.02980
89.41099
36.51332
120.44592
49.67114
51.70947
23.17468
140.27250
67.22338
210.19837
45.11354
44.19890
13.15722
283.76294
51.03632
119.26389
51.14159
110.48380
146.85325
79.91300
180.62611
195.66432
70.48087
106.87123
14.06621
35.93051
84.33984
12.82456
100.14960
140.75587
53.26037
42.58163
67.01666
67.30124
134.04922
269.61872
96.07678
38.65578
104.09581
268.59019
30.51269
58.21723
149.38583
17.81325
149.50332
10.13360
134.27820
87.91086
172.66791
26.27763
98.83323
101.66091
17.85761
61.99651
12.47578
212.47922
74.73680
251.37259
24.82986
37.36812
262.43388
57.74065
41.35006
371.46125
78.28580
94.80112
113.68922
34.58337
84.32659
257.52998
27.82013
86.39415
10.92746
182.62993
20.20218
32.84608
24.56112
18.60482
49.62974
14.84365
87.37883
291.64873
33.96082
12.40930
21.00230
44.50567
54.63471
62.12942
155.81914
38.14119
347.03858
57.03268
113.28510
84.05890
108.83038
144.57858
133.84014
233.21038
95.86456
158.16008
105.51954
72.53703
25.24347
59.42854
