59.01239
512.55170
22.59506
67.94600
164.02366
53.57634
59.86840
169.54227
64.88532
102.65626
28.71279
325.35792
25.20576
45.56600
27.03071
60.94632
76.99620
24.71337
18.85278
14.34341
32.34367
73.91290
57.86227
69.80702
28.12208
23.48072
111.22810
70.08143
24.89260
37.61814
35.08464
11.50088
138.24809
46.81729
18.98999
43.59901
45.60126
136.13735
64.53264
36.65346
52.19313
59.29145
24.84467
117.36365
36.92778
172.87524
85.11075
70.23460
36.15988
58.79161
80.09062
118.93948
134.08849
45.22811
53.77852
15.39350
8.69933
50.08524
111.30069
66.11035
283.74569
24.91837
136.90996
177.26186
111.93875
49.81038
57.22157
43.50108
17.66000
11.24226
47.60750
80.92473
114.67073
9.24664
69.03087
13.26522
34.93647
24.12029
387.72940
51.35780
90.70767
34.01467
31.49132
59.10539
62.36541
61.77196
128.77308
12.55715
33.39178
29.31681
13.76325
80.94642
39.92168
121.67959
120.64897
56.99718
235.28283
54.36878
58.16225
15.72457
41.32234
46.14536
93.94583
89.37623
75.97718
267.15074
32.56633
84.34174
46.92907
107.19502
77.57069
65.21615
69.98469
101.07441
50.83670
92.10178
16.75261
26.87073
132.07372
143.33570
18.64749
23.02053
156.28878
33.93342
138.30538
119.61993
40.17121
29.06886
37.36237
40.71856
51.09629
228.27743
183.45688
39.19973
79.54464
44.94390
50.15332
266.98894
59.14279
66.07104
14.12188
139.82065
38.04120
17.90220
154.29364
40.40745
8.55645
30.60273
234.81155
13.29662
19.44080
98.04214
295.63634
218.93667
254.15835
150.83547
123.37288
49.18613
98.89028
36.29419
44.23866
83.25939
31.14433
80.10860
14.24902
43.81843
148.31704
110.15522
23.02122
60.63191
66.14598
98.05018
186.95185
64.97618
80.99668
116.95739
199.85718
160.18251
66.46472
116.06372
39.16744
141.35631
47.80228
146.26510
20.34255
11.95739
17.15928
24.62068
125.87433
39.62488
49.33873
203.49859
147.58116
184.55619
12.81606
18.93846
18.93675
69.22283
16.80012
28.03652
77.44621
27.98358
82.60045
406.11857
25.06093
73.74069
39.42232
16.63367
21.58799
33.68485
63.72982
20.58209
97.90288
134.74985
71.74161
51.11084
41.46704
121.18978
50.47695
65.69828
40.14958
70.96801
40.47938
197.34802
14.53016
25.39448
43.84329
16.38627
64.20912
49.82306
80.32030
158.38297
41.32914
62.42334
142.33507
8.55564
45.58493
96.39857
45.50693
139.39151
106.10431
56.96208
58.92198
94.83372
249.06295
27.65285
253.45009
13.74829
27.23217
105.41537
13.60385
186.60779
14.56370
42.08866
80.48220
24.28281
50.68230
48.84004
25.36060
65.86001
47.29034
181.84792
153.14137
46.23712
108.55302
223.20078
15.73773
15.98019
140.12338
178.31223
34.19516
27.70242
20.37695
59.04817
70.11295
250.44872
33.41724
38.83883
123.71897
50.37927
190.03778
94.38443
83.06556
37.26544
73.88374
57.58130
235.82435
84.46042
28.16294
52.07930
164.45278
205.18565
31.07172
25.97561
30.81025
89.10376
177.70922
41.31530
92.55983
121.28861
133.95147
11.94059
195.04463
61.55127
152.54048
127.81792
231.43636
131.38956
158.60941
17.09693
16.45064
42.13235
59.39755
20.56876
84.54829
18.48781
84.19981
106.83629
23.90140
39.52640
20.74315
54.51976
26.04881
227.12076
17.68584
30.16701
93.09133
68.93498
39.61512
169.05113
66.27515
214.91765
74.62717
14.26031
57.03585
14.90546
12.36441
65.28858
186.00458
54.97656
165.63263
303.73644
63.10625
33.98086
45.06610
30.58809
256.96829
36.54419
90.09770
13.12620
35.02328
493.49449
140.54821
97.33518
34.95885
72.80322
79.59304
16.53652
188.51160
90.42859
104.04442
27.93179
31.44674
46.75488
67.18936
73.32074
70.80697
223.63293
102.89651
91.33814
75.15044
44.62518
78.25524
32.85518
15.32228
195.69972
103.46051
94.54012
67.23606
69.12111
144.72211
107.04102
532.45313
15.08465
25.73923
95.40121
20.58606
89.03438
97.15795
34.03388
54.78149
38.07961
19.18404
253.04398
139.72872
24.19860
76.02980
89.41099
36.63717
120.44593
49.67114
51.70947
23.19139
140.27250
67.22339
210.19835
45.11354
44.23526
13.25784
283.49694
51.03632
119.26400
51.14159
110.48380
146.85283
79.78639
180.42650
195.66432
70.48087
106.87123
14.00084
35.93051
84.33984
13.17141
100.18621
140.84404
53.26037
42.38473
67.01666
67.30123
134.14904
269.61872
96.07678
38.65578
104.09581
268.59019
30.51269
58.26968
149.38586
18.08057
149.50332
10.13360
134.25570
87.91057
172.66815
26.47185
98.83323
101.66091
17.51919
61.99651
12.47578
212.47922
74.73680
251.37259
24.82986
37.36812
262.43357
57.74065
41.67700
371.46125
78.28580
94.80112
113.68922
34.35423
84.32660
257.52998
28.20538
86.39415
10.92746
182.62993
20.20218
32.84608
24.56112
18.60482
49.62974
15.08421
87.37883
291.64789
34.06649
12.40930
21.00230
44.50567
54.63471
61.43937
155.81914
37.87856
347.03858
57.18542
113.28510
84.05890
108.83038
144.57858
133.84005
233.79799
95.87480
158.16008
105.51957
72.53703
25.24347
59.42854
