0.297
0.856
0.225
0.631
0.898
0.132
0.235
0.722
0.444
0.287
0.433
0.903
0.114
0.137
0.220
0.146
0.235
0.193
0.000
0.000
0.268
0.563
0.388
0.853
0.140
0.000
0.573
0.521
0.167
0.201
0.141
0.000
0.373
0.783
0.000
0.131
0.159
0.835
0.276
0.143
0.529
0.807
0.447
0.867
0.323
0.806
0.917
0.328
0.666
0.919
0.765
0.821
0.205
0.146
0.379
0.000
0.000
0.177
0.651
0.752
0.749
0.045
0.348
0.929
0.274
0.091
0.406
0.311
0.000
0.000
0.294
0.291
0.602
0.000
0.745
0.000
0.200
0.065
0.839
0.423
0.302
0.315
0.348
0.510
0.190
0.336
0.597
0.000
0.273
0.224
0.000
0.676
0.541
0.446
0.786
0.790
0.880
0.311
0.559
0.000
0.656
0.509
0.821
0.727
0.372
0.864
0.270
0.212
0.536
0.569
0.503
0.877
0.674
0.894
0.733
0.157
0.000
0.102
0.641
0.942
0.182
0.073
0.936
0.157
0.667
0.740
0.350
0.175
0.238
0.386
0.234
0.702
0.508
0.162
0.701
0.795
0.203
0.483
0.612
0.183
0.000
0.681
0.147
0.000
0.560
0.486
0.000
0.272
0.619
0.000
0.110
0.902
0.972
0.813
0.691
0.959
0.780
0.629
0.953
0.249
0.182
0.350
0.074
0.768
0.000
0.979
0.875
0.782
0.772
0.807
0.756
0.870
0.880
0.125
0.849
0.691
0.788
0.569
0.652
0.934
0.126
0.405
0.319
0.714
0.096
0.000
0.000
0.000
0.857
0.157
0.207
0.885
0.663
0.924
0.000
0.000
0.268
0.204
0.000
0.406
0.527
0.411
0.562
0.837
0.400
0.564
0.391
0.000
0.130
0.381
0.351
0.000
0.558
0.503
0.795
0.200
0.425
0.897
0.772
0.505
0.370
0.460
0.359
0.489
0.000
0.507
0.827
0.000
0.086
0.582
0.442
0.513
0.219
0.549
0.426
0.000
0.303
0.859
0.392
0.399
0.627
0.547
0.193
0.386
0.913
0.234
0.810
0.000
0.142
0.301
0.000
0.780
0.000
0.222
0.585
0.090
0.867
0.723
0.089
0.829
0.330
0.351
0.569
0.217
0.817
0.934
0.000
0.000
0.830
0.544
0.113
0.121
0.112
0.855
0.197
0.940
0.285
0.272
0.884
0.325
0.615
0.427
0.926
0.498
0.964
0.912
0.939
0.905
0.120
0.274
0.947
0.858
0.145
0.126
0.265
0.420
0.764
0.476
0.393
0.371
0.374
0.000
0.791
0.479
0.939
0.497
0.806
0.585
0.840
0.000
0.000
0.345
0.266
0.000
0.677
0.176
0.854
0.544
0.104
0.089
0.108
0.452
0.235
0.813
0.000
0.090
0.554
0.613
0.652
0.664
0.349
0.956
0.594
0.000
0.752
0.000
0.000
0.775
0.918
0.397
0.456
0.765
0.684
0.190
0.535
0.340
0.457
0.088
0.791
0.000
0.499
0.961
0.816
0.734
0.353
0.487
0.733
0.000
0.714
0.636
0.966
0.389
0.123
0.705
0.800
0.728
0.365
0.801
0.561
0.755
0.597
0.225
0.681
0.198
0.000
0.961
0.757
0.777
0.601
0.568
0.838
0.531
0.796
0.000
0.234
0.448
0.244
0.947
0.667
0.254
0.116
0.342
0.000
0.347
0.616
0.231
0.263
0.813
0.170
0.754
0.300
0.982
0.573
0.644
0.908
0.807
0.141
0.601
0.000
0.470
0.900
0.811
0.492
0.663
0.929
0.235
0.295
0.483
0.946
0.770
0.000
0.325
0.541
0.000
0.446
0.597
0.616
0.145
0.772
0.764
0.890
0.920
0.730
0.090
0.490
0.969
0.268
0.298
0.714
0.000
0.509
0.000
0.728
0.356
0.819
0.205
0.947
0.407
0.256
0.507
0.000
0.812
0.171
0.873
0.083
0.257
0.705
0.522
0.131
0.779
0.484
0.976
0.511
0.073
0.440
0.536
0.513
0.650
0.000
0.748
0.000
0.087
0.033
0.000
0.862
0.000
0.439
0.823
0.372
0.000
0.000
0.369
0.450
0.563
0.674
0.270
0.638
0.177
0.942
0.727
0.790
0.807
0.714
0.593
0.319
0.604
0.729
0.458
0.157
0.265
