0.9985123 0.9929673 31.91
0.9987746 0.9935512 33.05
0.9989202 0.9939397 33.75
0.9989013 0.9940199 33.74
0.9990307 0.9942594 35.05
0.9990861 0.9945241 34.81
0.9990833 0.9947090 36.03
0.9991150 0.9947151 36.17
0.9991614 0.9948249 37.37
0.9991933 0.9949896 36.82
0.9992507 0.9952805 38.80
0.9992499 0.9952870 37.91
0.9992445 0.9953409 39.83
0.9992842 0.9954727 39.37
0.9993701 0.9957056 41.06
0.9993552 0.9958034 41.92
0.9993977 0.9959983 42.05
0.9994413 0.9960686 43.41
0.9994920 0.9963125 44.34
0.9995222 0.9964605 45.45
0.9994798 0.9964938 45.10
0.9995455 0.9966993 46.80
0.9995991 0.9968631 47.15
0.9996289 0.9970675 48.77
0.9995931 0.9973559 49.47
0.9996139 0.9973584 51.09
0.9996621 0.9974932 51.92
0.9997184 0.9977100 53.20
0.9996823 0.9979104 55.18
0.9997381 0.9980269 56.37
0.9997277 0.9980638 57.04
0.9997716 0.9982032 58.73
0.9997045 0.9984462 61.64
0.9998043 0.9985228 63.73
0.9997907 0.9985676 64.31
0.9998002 0.9986780 66.20
0.9997274 0.9988899 69.98
0.9998212 0.9989418 73.62
0.9998123 0.9989456 72.25
0.9998388 0.9989857 75.62
0.9997382 0.9992519 80.18
0.9998459 0.9993003 84.63
0.9998111 0.9993022 83.10
0.9998243 0.9993741 87.97
0.9996838 0.9995318 94.54
0.9997665 0.9995531 97.78
0.9997553 0.9995786 101.59
0.9998159 0.9996088 105.91
0.9996161 0.9997024 117.03
0.9997255 0.9997179 122.05
0.9996848 0.9997342 126.78
0.9998298 0.9997582 134.26
0.9995330 0.9998349 147.50
0.9998057 0.9998463 177.20
0.9996115 0.9998545 155.25
0.9997742 0.9998669 165.07
0.9995178 0.9999043 189.62
0.9996778 0.9999203 201.31
0.9997007 0.9999251 216.13
0.9997845 0.9999270 232.99
0.9995341 0.9999281 281.17
0.9995550 0.9999374 255.36
0.9996459 0.9999577 298.53
0.9996890 0.9999580 270.57
0.9996996 0.9999650 290.76
0.9997434 0.9999663 312.77
0.9996582 0.9999715 318.96
0.9997016 0.9999943 343.03
