nlayers 2
nin 35
nhidden 7
nout 1
nwts 260
w1
-0.87982871 0.61669373 1.79458105 0.23868966 -0.04696218 0.26430606 0.64070452 
0.83754829 0.20505248 -0.86745308 1.30181430 -0.45407384 -2.65587249 -0.08924716 
-0.26621179 0.46380844 -1.49952385 0.54966273 0.01584612 -2.31434537 -0.26725879 
0.47666570 0.40929510 1.48687373 -0.90619189 -0.58814389 -0.49084241 0.15059751 
-2.07240169 1.37527906 1.89759216 -0.14057867 0.21342073 0.35214928 0.31573691 
-0.78811360 -0.03437810 1.01041470 -1.22791163 -0.11677195 -0.12715349 -0.00490626 
-0.30341124 -0.38834827 1.13911109 0.39621107 0.36568222 0.14888040 0.34510684 
-0.65390353 -0.58915379 0.22064577 0.30671820 0.87184278 0.08332662 0.09639341 
0.15440020 -0.82689160 0.05076392 2.17200810 0.83594598 -1.69636195 0.42487209 
-0.91691821 -0.42170977 2.54561052 -0.64081337 0.41563722 0.00805785 0.29714634 
0.41143834 -0.38505596 -0.13486538 0.28612605 -0.43610841 -1.57642983 0.10369005 
-0.39648137 -0.28066593 1.24871798 -0.37162873 0.49775370 1.29338684 0.12707614 
-0.10128988 0.14579754 0.60528882 0.72927382 0.29651598 1.38899672 -0.20292584 
1.19141378 1.45832572 -1.38582605 0.10188073 -1.32278819 1.80292508 -0.56077020 
0.41399720 0.01905999 -1.33256961 0.35744909 -0.77998217 -1.17063514 -0.22646596 
1.00418161 -0.83754348 -1.67449687 2.12876187 0.31135777 -1.45158121 0.21100876 
-0.52344878 -0.67034465 -0.61950239 1.00485186 1.48431756 2.50397148 -0.29812633 
0.85314576 -0.79647883 -0.00944137 -0.27083306 -0.27872425 0.24375320 -0.10088628 
0.30325541 4.42999472 -1.06100614 0.34683790 -2.55590538 -1.43129955 -0.62398581 
-0.67715457 -0.38990330 0.09925096 -1.26323540 -0.52130104 1.03004777 0.57053764 
0.45229030 0.25256498 -0.91192931 0.77131949 -0.51479446 -0.81940583 0.37687399 
0.89387730 0.81429235 1.87195300 -0.58144815 1.32479978 -2.37675820 -0.20771582 
0.82615354 -0.68812323 1.60162701 0.40296264 0.13979090 -2.05810699 0.08460243 
-0.32459655 -0.66508976 0.67079993 -0.10519578 -0.61421676 -0.56593996 0.35303984 
0.18283811 -1.63575088 0.16683122 1.57493798 -0.51982234 -0.00355711 0.03263837 
-1.74771805 2.13044203 -0.81269774 -2.33565250 -0.92920137 0.80499849 0.00977088 
-0.94937183 1.37050194 -0.13282936 -0.85028339 -1.01905738 0.38156172 -0.23859639 
-1.18226002 -0.04563842 1.19124812 -0.11353886 -1.34093988 -1.55951898 0.25991735 
0.70337689 -0.52416645 0.41348273 0.58667958 0.78282794 -0.67730876 0.21016199 
0.27533185 -0.28540176 -2.03846500 0.59828157 0.62237749 1.89838151 0.03839635 
3.38470903 -0.87335525 -0.34016561 0.99915723 3.74016261 0.04525268 0.52470749 
-0.07708511 -0.33768618 -5.95100298 0.44786519 0.06147326 5.98841320 -0.33662441 
-1.66330612 -0.50862455 1.43365516 0.52327575 -2.38837175 -1.96507304 -0.12562947 
-0.70524691 0.03549753 0.03817648 0.02826665 -0.60246578 -0.04802495 0.00012838 
3.40227173 -1.19190038 -1.66640423 2.03331804 3.23671499 1.31159658 -0.06639157 
b1
-1.42406264 1.19244535 3.40399216 -1.98941602 -1.74475456 -3.25168959 -0.51694788 
w2
2.80807842
2.97754767
-5.02313026
1.79865665
-3.09475203
-4.82932423
1.57198514
b2
-0.39161118
errfunc linear