nlayers 2
nin 35
nhidden 3
nout 1
nwts 112
w1
-0.60737736 -0.12748879 -0.33866254 
0.44161160 -0.16323413 0.65464051 
0.00243508 -0.06763714 -0.25821780 
-0.06359804 -0.00529968 0.02689751 
-0.59067054 -0.10306864 -0.08467476 
-0.49592885 0.28332784 -0.04267136 
-0.50291389 -0.01230988 -0.32702358 
-0.16551596 -0.10247281 -0.20901343 
-0.46152342 -0.48824517 -0.12918525 
-0.64369584 -0.08268592 -0.27405737 
-0.02892575 0.15558475 0.11622648 
0.22898606 -0.15554902 -0.12142248 
0.10645873 -0.00453310 -0.33918570 
0.70389880 0.08773138 -0.14820675 
0.24732861 -0.05814696 0.56477757 
-0.31018096 -0.64841287 -0.36693640 
-0.06432578 0.02949050 -0.21565232 
0.10768103 0.19707288 -0.02343696 
0.37240083 0.04596958 1.41816200 
-0.78526457 -0.06325958 -0.37510857 
0.53471959 -0.52545101 0.29300682 
-0.41651754 -0.06356175 0.11950888 
0.52999205 0.12203715 -0.17026181 
-0.26250402 0.17380764 0.10339611 
-0.07921837 -0.01992572 -0.02452874 
-1.09675043 0.21189208 0.82216498 
0.20125562 0.20712223 0.21181881 
-0.04946336 0.00749609 0.08554709 
-0.00158337 0.00101123 -0.03407387 
0.12514616 0.03050316 0.09491095 
0.32342508 -0.01608281 -0.27843805 
0.58630570 -0.10445947 -0.54501158 
-0.29517439 0.05498930 0.46545763 
-0.41410873 -0.00617139 0.32674963 
1.94136459 -0.18339173 -1.44555743 
b1
-1.12266003 0.70411606 1.25040343 
w2
1.29655103
-1.19651647
1.94684989
b2
0.07278344
errfunc linear