CUTOFF 7.00000 
LENGTH 261     
CONTACTS 864     
COUNT        +       -  aromat   polar  hydrop special
COUNT       16      25      30      35      60      19    
COUNT        0       4      29      19      45      10    
COUNT        0       0      21      52     119      14    
COUNT        0       0       0      26      94      18    
COUNT        0       0       0       0     191      35    
COUNT        0       0       0       0       0       2    
FRAC         +        -   aromat    polar   hydrop  special
FRAC  0.018519 0.028935 0.034722 0.040509 0.069444 0.021991    
FRAC  0.000000 0.004630 0.033565 0.021991 0.052083 0.011574    
FRAC  0.000000 0.000000 0.024306 0.060185 0.137731 0.016204    
FRAC  0.000000 0.000000 0.000000 0.030093 0.108796 0.020833    
FRAC  0.000000 0.000000 0.000000 0.000000 0.221065 0.040509    
FRAC  0.000000 0.000000 0.000000 0.000000 0.000000 0.002315    
