nlayers 2
nin 35
nhidden 7
nout 1
nwts 260
w1
-0.29088794 0.57391812 0.23477684 -3.42096126 0.52158040 0.77905989 0.36010565 
0.58692159 1.52628781 0.17668540 1.13160976 1.54781269 -0.27078845 -1.02562659 
0.22471014 -0.29367173 0.04710861 1.14775240 0.57411911 0.01326463 -1.29122610 
0.90094154 -0.09085481 -0.81379889 -1.43417424 1.26014504 -1.04157859 -1.01622767 
-0.77712429 -0.95251373 0.13902299 -2.13019687 1.75017742 0.94437534 -0.54437519 
0.70183400 -0.11970656 -0.09417449 -0.83925904 1.15708195 -0.54153015 -0.72942644 
-0.07119201 0.65140294 -0.03768686 -1.01932999 0.81428495 -0.44764627 -0.43208231 
-1.19031694 0.70202075 -0.01781780 -0.87717530 -0.79236784 -0.32117662 0.26919030 
0.13228279 2.47052246 -0.03439068 0.08219627 1.25118452 -2.02131472 0.98439457 
-0.99769522 -0.32761817 0.12256893 -2.19904315 2.03120137 -1.35178817 0.30114555 
0.57978576 -0.11365764 -0.35967115 0.28840973 1.27201939 -0.65123237 -0.68710604 
-0.67812048 -0.08181755 0.06997618 -1.53784234 -0.75636300 0.26985300 0.92064389 
-0.38140641 0.28051339 0.27070889 -1.94200506 -0.62339317 0.14122615 0.95723901 
0.14370420 -1.51348135 0.97199522 3.33383287 -2.28321298 3.10359217 0.22774538 
0.96853340 0.28526767 0.05455982 1.75266360 0.57886277 0.73305013 -0.38697062 
1.74487725 2.28727086 -0.35162555 2.87353216 0.50782812 -1.30667464 0.39651910 
-0.15241832 -0.34460061 -0.81227401 -0.19304145 -2.55873255 -0.09996413 0.86028857 
0.73209799 0.12162142 0.80780707 0.16522259 -1.18552145 -0.37870866 0.50060843 
-0.26687868 -0.89557943 0.26032646 2.03529696 -2.21067098 5.62501824 -2.56823901 
-0.67935138 -0.63275005 0.02074068 -0.22419546 -1.43698145 0.67434310 0.82787865 
0.75533207 1.48881245 -0.08882934 1.22431971 0.53145899 0.26228770 -0.21983581 
1.39508465 -0.13041347 0.83655772 -0.19918175 -0.26522533 0.03084077 -0.32983506 
-0.09714370 1.03611037 0.78599737 -0.02179558 0.64896416 -1.31083657 -0.15502249 
0.08088794 0.01508802 -0.45997798 -1.01318846 1.01095335 -0.46295572 -0.56596074 
-0.38310364 0.59929519 0.59832636 -0.77222446 2.80197321 0.33431852 1.34121446 
1.00950833 -2.05487871 -0.49193054 -0.59136422 -0.90794962 1.89744841 -1.15918197 
0.41261141 -1.33379862 -0.29852757 -0.01081373 -0.12448905 1.17305685 -0.65574318 
-0.77991116 0.53138855 1.18306790 0.86674527 -0.67313523 -0.66481268 -0.29899376 
-1.47227154 0.97528475 0.39906463 1.66472590 -1.74043030 -1.15596083 0.63566783 
0.29923324 0.16458213 -0.05978457 0.92781698 -1.30072886 0.23024441 0.41193486 
0.52419951 2.68058422 1.84315345 1.81243412 -2.44992648 -3.56730121 0.69996088 
-1.16610580 0.51037466 -0.27729464 1.66799124 -1.80676149 -0.30919785 0.84830463 
0.16413489 0.25517693 1.83440036 -1.12384274 4.95065816 -0.21499549 -0.47417277 
0.91949234 0.01623442 0.55097118 -0.69646595 0.80145571 0.00127329 -0.25659879 
-4.08537706 2.27280994 -1.10633836 3.54325263 -3.51210080 -2.31184101 1.31666221 
b1
2.15564774 -1.85599365 0.56857292 -2.61317084 3.05564209 1.58964370 -1.26689242 
w2
2.13039058
3.27994355
-2.30359621
5.74493158
3.74995430
2.51492645
-3.50020341
b2
-0.59438334
errfunc linear