nlayers 2
nin 35
nhidden 7
nout 1
nwts 260
w1
3.42473689 0.45506478 0.07851484 0.87064983 -0.18767779 0.39410884 0.64505065 
-1.43329479 0.99803448 -0.16699917 1.17029750 -0.13957037 1.82707380 1.77118567 
-0.89871874 -0.09892681 -0.18808489 0.38229851 0.17978439 0.75053115 0.87569053 
0.99992006 -0.63120443 -0.16536233 1.07474250 -0.16738165 2.64822708 1.24511200 
3.87607955 -0.49048713 0.13262892 0.84817649 -0.07234264 2.74895587 0.72781904 
0.20205876 -1.80477815 0.22634916 0.92615587 -0.12510311 0.62919680 0.87882946 
1.61242555 -0.40736427 0.06209267 0.56353942 0.19613601 -0.09503315 -0.27106252 
1.19660840 0.75302344 0.12761162 -0.28915795 0.31993826 -1.15521532 -0.61869705 
-0.30194574 2.20843543 0.17915426 1.69915324 0.37590855 0.95636989 -1.34079280 
1.97195455 -0.44711353 0.09540077 1.68794814 0.16216047 -0.62165517 -0.94973918 
-0.89625468 -1.24426123 -0.00070926 1.25158080 0.11583901 -0.33938359 1.01248125 
1.86448763 0.28527579 0.06996294 -0.90287797 0.26873724 -0.27279087 -1.03408520 
2.36150940 1.15121786 0.19678109 -1.31097926 -0.01364366 0.39816314 -1.49647855 
-2.60010563 0.50360230 0.18107550 -2.50453751 -0.07261046 -1.56876683 2.00322123 
-2.28845775 1.26272804 -0.13411503 0.50904905 -0.06057306 -1.19807740 0.06145815 
-2.52302973 2.87652494 0.32476752 1.61371947 -0.15048222 1.54590524 -0.89893076 
1.51255431 1.04159981 -0.04517200 -2.54016424 -0.02064393 2.93311802 -1.39363575 
-0.98241532 -0.43517187 -0.21836867 -0.19209166 -0.00443365 -0.67931479 -1.43218020 
-2.05878611 1.60276516 0.11340445 -1.79149224 0.60043179 -2.98721170 4.69790999 
-0.40654559 0.95570763 -0.03964589 -1.62434422 0.20896493 -2.70182686 -2.06222604 
-1.00657513 1.83810888 0.48847536 0.05766742 0.06372782 -0.79863438 0.14830262 
0.91067934 0.19670538 0.01880116 0.26781494 0.00759599 3.92971085 -0.45553670 
-0.36166052 0.88421437 0.19723194 0.69846185 0.15704395 -0.85179486 -0.67283757 
0.54748740 -0.88264321 0.04570805 1.17659567 -0.11094379 -0.32100349 0.51378305 
0.81704942 0.42834658 0.13650116 1.93001878 0.19274995 -0.48285489 0.06506374 
0.42405885 -1.22243553 0.26795314 -1.29665382 -0.01089665 0.87666390 0.91322048 
0.40891736 -1.43154364 0.06921602 0.20264887 0.21600157 -0.27633707 1.36238426 
-0.25401949 0.39811588 0.15040445 -0.28425019 0.27414894 -0.15199956 -0.15857699 
-1.36033677 0.77093840 -0.04746125 -1.67809109 -0.19608573 -1.30353576 -0.92265041 
-1.58118448 1.11802364 0.22097501 -2.31051684 0.27367379 -1.36349488 -1.02068854 
-0.95921846 0.93682672 0.31453546 -2.08111162 0.25339599 1.12019194 -0.77122456 
-1.39168378 0.76243227 0.62189672 -1.90468213 0.53365208 -1.28303272 -0.85714904 
0.08786967 0.51664741 0.00795851 2.79797209 0.21917915 -0.56514501 -0.29111588 
0.49061599 0.04275667 0.32395535 0.66557368 0.20027384 0.28551102 0.26130182 
-2.91393749 2.30578768 0.43126002 -2.79664596 0.31725730 -2.73658535 -1.80627300 
b1
2.26720442 -2.68625930 0.98251935 3.28052214 0.79905748 2.96889438 1.77352354 
w2
-5.98806975
1.42047341
-1.39109492
2.79856591
-1.11009387
3.00124103
4.82165518
b2
-0.77921172
errfunc linear