nlayers 2
nin 35
nhidden 3
nout 1
nwts 112
w1
0.50461126 -0.45986358 -0.29342540 
-0.36124818 0.38142898 -0.41145633 
-0.27596919 0.27082093 0.31635170 
0.31536920 -0.05091008 -0.21979323 
0.22525626 -0.47432200 -0.78607870 
-0.10066292 0.41928985 0.75814016 
0.13501148 -0.05696241 -0.05094650 
0.32630220 -0.45681241 0.55461902 
0.31692257 -0.31309582 -0.04213916 
0.46581624 -0.13710663 0.07262688 
-0.66148372 0.54544834 0.29620839 
-0.03093734 -0.08981154 -0.12454522 
0.20279358 -0.33798659 0.33493370 
-0.84490538 0.70786455 -0.03823867 
-0.09241564 0.32949712 0.04958466 
-0.12557018 0.35230964 0.47450698 
0.03308407 0.16486824 -1.01382039 
0.74203874 -0.25992050 0.84094249 
-0.84458220 0.34268022 -1.11591359 
0.14261500 -0.13851616 0.62721002 
-0.06230855 0.22318526 -0.23887438 
0.05940174 0.10584260 0.30263311 
-0.35969980 -0.01455024 -0.56258136 
0.21929805 0.18937864 1.01609353 
0.42602004 0.75589627 0.41766084 
0.20291906 0.00582888 1.49096064 
0.16902383 0.40340107 0.44183776 
0.20965270 0.12132221 -0.38072238 
0.21434524 0.04932381 -0.36187927 
-0.01580355 0.00700479 -0.51965409 
-0.12913701 -0.11322948 -0.01923778 
-0.70354756 -0.73669435 -0.41160003 
0.40625419 0.65530635 0.19162864 
0.84308221 0.79779387 -0.04947221 
-1.72249515 -1.42783167 -1.72998713 
b1
0.58291350 0.50577244 2.86067462 
w2
-1.12307976
1.45980302
-1.25482096
b2
0.89856838
errfunc linear