nlayers 2
nin 35
nhidden 3
nout 1
nwts 112
w1
0.13011476 -0.73111771 -0.54313500 
-0.35331525 -0.39290642 0.71485026 
-0.56667247 -0.46263772 0.04106583 
0.13989910 -0.07236788 -0.02124397 
0.54740896 -0.24476042 -0.51974256 
-0.38381863 0.44956425 -0.43940079 
0.48645065 -0.50934992 -0.11741208 
0.08796240 0.03641815 0.17974265 
0.61400625 -1.24464347 -0.47590111 
0.51534124 0.10618616 -0.45646869 
-0.30144862 0.18261586 0.16132486 
0.20172898 -0.06047758 -0.04280855 
0.07031212 0.11304657 0.06305329 
-0.52142652 0.81646488 0.79788721 
-0.39365317 -0.15205698 0.21215386 
0.14624707 -0.82426338 0.15750664 
0.31873785 0.07486741 0.08900975 
-0.18015477 0.08584450 -0.34489691 
-2.00693515 0.38285360 0.35510361 
-0.24710631 0.49077235 -0.95792430 
-0.18006067 -0.15471487 0.28199176 
0.12468867 -0.03240387 -0.09132607 
0.26049765 -0.14235793 0.67932501 
-0.26049058 0.52399112 -0.36732898 
0.38919890 -0.19277057 0.48990293 
-1.08430067 0.65877697 -1.42707211 
-1.00091576 1.22628553 -0.18181171 
0.02468872 -0.11775943 -0.02767102 
0.15536338 -0.32121604 -0.02747240 
0.81155391 -0.59226678 0.71129318 
0.23997888 -0.08796881 0.25338874 
0.02760325 -0.06820790 0.09022461 
0.04607252 -0.01091617 0.10721194 
-0.17280847 -0.01413204 -0.26378329 
1.36609088 -0.87919696 1.61593866 
b1
-1.31065691 1.67787001 -1.28751870 
w2
-2.00707273
-1.42256591
1.32924250
b2
0.66708177
errfunc linear