nlayers 2
nin 35
nhidden 3
nout 1
nwts 112
w1
-0.16923351 0.27842236 -0.49449918 
0.24188652 0.31429634 0.38210265 
0.07980041 0.02206631 0.10743268 
-0.33852450 -0.00355746 -0.32453415 
-0.36859838 0.26406364 -0.29833286 
0.30260532 -0.31353274 0.25194851 
-0.12271131 0.12369751 -0.32762485 
-0.19526433 -0.05046057 -0.21735746 
-0.31861871 0.54376728 -0.52681816 
-0.08522275 -0.04666667 -0.11482943 
0.03614887 -0.24897286 0.08408897 
-0.25081085 0.11892247 0.12951359 
0.02681568 0.00927620 -0.30572202 
0.68531337 -0.05435566 0.67616403 
-0.00825197 0.30346371 0.17559887 
-0.00449889 0.34821104 0.09850809 
0.14726213 0.10226113 -0.27359936 
-0.07310087 -0.09142216 -0.23539341 
0.50377434 0.09372392 0.70720092 
-0.00253354 -0.10903992 -0.18507542 
-0.07390090 0.44196072 0.32786266 
0.08032167 -0.08237906 -0.25440623 
0.01293164 -0.12620547 0.38540311 
0.14772562 -0.24016093 -0.22722718 
0.45729083 -0.15581109 -0.24954449 
0.18595309 -0.15735196 -0.52921447 
0.14712435 -0.28571623 0.44098558 
0.22017971 0.05899356 -0.42187191 
-0.11634697 0.06919361 -0.07877476 
0.19931633 0.01289966 -0.00558231 
0.09065263 -0.03337913 -0.00999003 
-0.83224532 0.09278051 0.83120510 
0.31622759 -0.01152975 -0.19958064 
0.46007801 0.01390316 -0.55015757 
-1.00270691 0.17791484 1.47645080 
b1
0.73346098 -0.74352652 -0.75633309 
w2
1.26664340
1.28844645
0.94397641
b2
0.46743685
errfunc linear