COUNT              C       N       O      CA     CH3  CH/CH2  C(OO-)      NH     NH2  (C)OO-      =O      OH       S
COUNT C          660     635     564     628     310     988      33      22      90      59      42      67      23    C     
COUNT N          635     694     736     662     239     728      25      18      87      61      41      55      22    N     
COUNT O          564     736     708     589     352    1145      37      37     106      69      42      69      26    O     
COUNT CA         628     662     589     468     293     846      31      26      87      70      46      64      23    CA    
COUNT CH3        310     239     352     293     378     842      25      18      53      59      20      46      24    CH3   
COUNT CH/CH2     988     728    1145     846     842    2622     108      96     316     252     109     156      74    CH/CH2
COUNT C(OO-)      33      25      37      31      25     108       4       3      16       8       7      12       2    C(OO-)
COUNT NH          22      18      37      26      18      96       3       4       6      13       3       5       4    NH    
COUNT NH2         90      87     106      87      53     316      16       6      28      44      17      28       3    NH2   
COUNT (C)OO-      59      61      69      70      59     252       8      13      44      18      12      22       3    (C)OO-
COUNT =0          42      41      42      46      20     109       7       3      17      12       4      17       0    =0    
COUNT OH          67      55      69      64      46     156      12       5      28      22      17      14       3    OH    
COUNT S           23      22      26      23      24      74       2       4       3       3       0       3       4    S     
261
