A=[0.01076 0.02070 0.01839 0.02047 0.01011 0.03221 0.00108 0.00072 0.00293 0.00192 0.00137 0.00218 0.00075;
0.02070 0.01131 0.02399 0.02158 0.00779 0.02373 0.00082 0.00059 0.00284 0.00199 0.00134 0.00179 0.00072;
0.01839 0.02399 0.01154 0.01920 0.01148 0.03733 0.00121 0.00121 0.00346 0.00225 0.00137 0.00225 0.00085;
0.02047 0.02158 0.01920 0.00763 0.00955 0.02758 0.00101 0.00085 0.00284 0.00228 0.00150 0.00209 0.00075;
0.01011 0.00779 0.01148 0.00955 0.00616 0.02745 0.00082 0.00059 0.00173 0.00192 0.00065 0.00150 0.00078;
0.03221 0.02373 0.03733 0.02758 0.02745 0.04274 0.00352 0.00313 0.01030 0.00822 0.00355 0.00509 0.00241;
0.00108 0.00082 0.00121 0.00101 0.00082 0.00352 0.00007 0.00010 0.00052 0.00026 0.00023 0.00039 0.00007;
0.00072 0.00059 0.00121 0.00085 0.00059 0.00313 0.00010 0.00007 0.00020 0.00042 0.00010 0.00016 0.00013;
0.00293 0.00284 0.00346 0.00284 0.00173 0.01030 0.00052 0.00020 0.00046 0.00143 0.00055 0.00091 0.00010;
0.00192 0.00199 0.00225 0.00228 0.00192 0.00822 0.00026 0.00042 0.00143 0.00029 0.00039 0.00072 0.00010;
0.00137 0.00134 0.00137 0.00150 0.00065 0.00355 0.00023 0.00010 0.00055 0.00039 0.00007 0.00055 0.00000;
0.00218 0.00179 0.00225 0.00209 0.00150 0.00509 0.00039 0.00016 0.00091 0.00072 0.00055 0.00023 0.00010;
0.00075 0.00072 0.00085 0.00075 0.00078 0.00241 0.00007 0.00013 0.00010 0.00010 0.00000 0.00010 0.00007;]

B=[0.02154 0.04144 0.03681 0.04099 0.02023 0.06448 0.00215 0.00144 0.00587 0.00385 0.00274 0.00437 0.00150;
0.00000 0.02265 0.04804 0.04321 0.01560 0.04751 0.00163 0.00117 0.00568 0.00398 0.00268 0.00359 0.00144;
0.00000 0.00000 0.02310 0.03844 0.02297 0.07473 0.00241 0.00241 0.00692 0.00450 0.00274 0.00450 0.00170;
0.00000 0.00000 0.00000 0.01527 0.01912 0.05521 0.00202 0.00170 0.00568 0.00457 0.00300 0.00418 0.00150;
0.00000 0.00000 0.00000 0.00000 0.01234 0.05495 0.00163 0.00117 0.00346 0.00385 0.00131 0.00300 0.00157;
0.00000 0.00000 0.00000 0.00000 0.00000 0.08556 0.00705 0.00627 0.02062 0.01645 0.00711 0.01018 0.00483;
0.00000 0.00000 0.00000 0.00000 0.00000 0.00000 0.00013 0.00020 0.00104 0.00052 0.00046 0.00078 0.00013;
0.00000 0.00000 0.00000 0.00000 0.00000 0.00000 0.00000 0.00013 0.00039 0.00085 0.00020 0.00033 0.00026;
0.00000 0.00000 0.00000 0.00000 0.00000 0.00000 0.00000 0.00000 0.00091 0.00287 0.00111 0.00183 0.00020;
0.00000 0.00000 0.00000 0.00000 0.00000 0.00000 0.00000 0.00000 0.00000 0.00059 0.00078 0.00144 0.00020;
0.00000 0.00000 0.00000 0.00000 0.00000 0.00000 0.00000 0.00000 0.00000 0.00000 0.00013 0.00111 0.00000;
0.00000 0.00000 0.00000 0.00000 0.00000 0.00000 0.00000 0.00000 0.00000 0.00000 0.00000 0.00046 0.00020;
0.00000 0.00000 0.00000 0.00000 0.00000 0.00000 0.00000 0.00000 0.00000 0.00000 0.00000 0.00000 0.00013;]

C=[0.00231 0.00463 0.00347 0.00116 0.00463 0.00347 0.00463 0.00463 0.00231 0.00694 0.01968 0.00579 0.00231 0.00463 0.00000 0.00116 0.00347 0.00000 0.01042 0.00810;
0.00000 0.00116 0.00694 0.00463 0.00347 0.00579 0.00694 0.00579 0.00000 0.00579 0.01157 0.00810 0.00116 0.00231 0.00579 0.00116 0.00463 0.00116 0.00926 0.00463;
0.00000 0.00000 0.00694 0.00579 0.00116 0.00463 0.00347 0.00463 0.00231 0.00579 0.00926 0.01042 0.00347 0.00463 0.00231 0.00347 0.00231 0.00463 0.01042 0.00347;
0.00000 0.00000 0.00000 0.00231 0.00116 0.00116 0.00000 0.00463 0.00116 0.00463 0.00926 0.00926 0.00347 0.00347 0.00231 0.00463 0.00231 0.00231 0.00810 0.00347;
0.00000 0.00000 0.00000 0.00000 0.00231 0.00116 0.00000 0.00000 0.00231 0.00463 0.00347 0.00116 0.00116 0.00000 0.00116 0.00116 0.00116 0.00000 0.00231 0.00347;
0.00000 0.00000 0.00000 0.00000 0.00000 0.00000 0.00347 0.00231 0.00000 0.00463 0.00579 0.00116 0.00000 0.00463 0.00579 0.00000 0.00347 0.00000 0.00463 0.00926;
0.00000 0.00000 0.00000 0.00000 0.00000 0.00000 0.00231 0.00116 0.00116 0.01042 0.00579 0.00810 0.00347 0.00347 0.00347 0.00116 0.00000 0.00231 0.01157 0.00463;
0.00000 0.00000 0.00000 0.00000 0.00000 0.00000 0.00000 0.00000 0.00463 0.00694 0.00347 0.00579 0.00347 0.00579 0.00116 0.00116 0.00231 0.00000 0.00347 0.00579;
0.00000 0.00000 0.00000 0.00000 0.00000 0.00000 0.00000 0.00000 0.00000 0.00463 0.00463 0.00231 0.00116 0.00116 0.00116 0.00000 0.00116 0.00000 0.00347 0.00231;
0.00000 0.00000 0.00000 0.00000 0.00000 0.00000 0.00000 0.00000 0.00000 0.01042 0.04167 0.00694 0.00694 0.01736 0.00231 0.00579 0.00926 0.00116 0.01157 0.02199;
0.00000 0.00000 0.00000 0.00000 0.00000 0.00000 0.00000 0.00000 0.00000 0.00000 0.02662 0.01157 0.01157 0.01273 0.00926 0.00926 0.01157 0.00694 0.01736 0.02546;
0.00000 0.00000 0.00000 0.00000 0.00000 0.00000 0.00000 0.00000 0.00000 0.00000 0.00000 0.00926 0.00579 0.00463 0.00463 0.00463 0.00579 0.00347 0.01157 0.00694;
0.00000 0.00000 0.00000 0.00000 0.00000 0.00000 0.00000 0.00000 0.00000 0.00000 0.00000 0.00000 0.00347 0.00463 0.00000 0.00231 0.00116 0.00000 0.00694 0.00926;
0.00000 0.00000 0.00000 0.00000 0.00000 0.00000 0.00000 0.00000 0.00000 0.00000 0.00000 0.00000 0.00000 0.00231 0.00000 0.00463 0.00694 0.00116 0.00810 0.00926;
0.00000 0.00000 0.00000 0.00000 0.00000 0.00000 0.00000 0.00000 0.00000 0.00000 0.00000 0.00000 0.00000 0.00000 0.00116 0.00116 0.00116 0.00000 0.00116 0.00347;
0.00000 0.00000 0.00000 0.00000 0.00000 0.00000 0.00000 0.00000 0.00000 0.00000 0.00000 0.00000 0.00000 0.00000 0.00000 0.00000 0.00000 0.00000 0.00694 0.00463;
0.00000 0.00000 0.00000 0.00000 0.00000 0.00000 0.00000 0.00000 0.00000 0.00000 0.00000 0.00000 0.00000 0.00000 0.00000 0.00000 0.00926 0.00000 0.00926 0.00694;
0.00000 0.00000 0.00000 0.00000 0.00000 0.00000 0.00000 0.00000 0.00000 0.00000 0.00000 0.00000 0.00000 0.00000 0.00000 0.00000 0.00000 0.00000 0.00231 0.00116;
0.00000 0.00000 0.00000 0.00000 0.00000 0.00000 0.00000 0.00000 0.00000 0.00000 0.00000 0.00000 0.00000 0.00000 0.00000 0.00000 0.00000 0.00000 0.00579 0.01389;
0.00000 0.00000 0.00000 0.00000 0.00000 0.00000 0.00000 0.00000 0.00000 0.00000 0.00000 0.00000 0.00000 0.00000 0.00000 0.00000 0.00000 0.00000 0.00000 0.00463;];

