nlayers 2
nin 35
nhidden 7
nout 1
nwts 260
w1
-2.31656693 -0.29169749 1.08281408 -0.25958731 0.59811874 -0.11449680 -0.46294784 
-0.15891947 -0.02388502 -0.66878867 -1.84041591 -1.39641403 -0.90747760 -0.48975062 
0.65208733 0.04023571 -0.53085109 -1.34149802 -0.99949073 -0.49568370 -0.00639298 
0.15327941 0.01706155 0.58972519 -1.12088271 -0.12685803 -0.97510525 0.91363979 
-2.00729517 -0.02435475 1.97344698 0.89796002 -2.25664537 -0.32012552 -0.53059791 
-1.06886044 0.36877240 1.32524307 -0.01511734 0.12982794 -0.86827360 1.31370835 
-1.67382932 -0.00190454 1.12162611 0.54572517 0.03183029 -0.06806055 0.64654288 
-1.28525219 -0.07512712 -1.19080022 -0.05946641 0.80525896 1.01121028 -0.48299701 
0.37012793 -0.53309086 0.10545343 -0.87721924 1.17983843 -1.11885780 -2.05838774 
-2.40834035 -0.52482712 1.49051726 0.49704703 0.87507489 -0.57478523 -0.15986522 
0.65510814 -0.26983411 -0.06825213 -0.89943641 0.06640229 -1.19296201 0.70287785 
-0.48561327 -0.32306761 0.80484216 1.79144114 0.20460340 0.36315912 -0.54747027 
-0.76138711 0.26710851 0.56439069 1.46932582 0.55722448 1.62554023 -1.31785821 
2.81095054 0.63486036 -1.75468861 1.18532627 -1.88724000 1.65490954 0.75266882 
1.30047644 0.56911573 -0.69105128 0.08154934 0.19118856 -0.86423270 0.29347882 
1.52832765 -0.36444536 -1.06523498 -1.99756109 1.90385152 -0.27861896 -2.23675554 
-0.82366692 -0.22239096 0.00952398 2.36819023 1.43082304 0.80250409 -1.33256801 
1.00761622 0.16745310 -0.40830652 -1.04933613 1.44753118 0.03009455 1.06246486 
1.08561082 0.52835698 -0.62834629 -2.20377620 -4.87630633 -0.28114357 -0.79229969 
-1.94288272 0.16719056 0.10536671 1.09411324 0.98603316 0.68445806 -0.12218932 
2.09646501 -0.25263786 -1.28357725 -1.56878133 -0.67638840 -1.20799967 -1.08383170 
-0.00955136 0.01690207 1.97008856 -2.45522603 -0.07726748 0.51926473 0.27757996 
-0.73865982 -0.02542117 0.52353366 -0.79951174 0.61200661 -1.79506002 -0.13332418 
0.26948077 -0.59555534 -0.86695988 0.81522694 0.81304744 0.52945645 0.30309184 
-0.62140406 0.44448565 -0.40811286 0.54366440 0.64480849 -1.05898631 -0.68648699 
-0.58270388 0.11800591 0.67444474 -0.69415154 -1.92173745 0.32730465 1.64267748 
-1.12992404 -0.05628356 -0.04775808 0.52273400 -1.84334225 -1.46740810 0.84377098 
-1.49876462 0.54353906 2.30737174 -1.95287808 -0.12580143 -1.95493865 -0.55246590 
1.34609462 -0.44114470 0.63138281 -0.11536884 0.75049218 1.58799054 -0.60697683 
1.02699085 0.07677441 -1.08915968 1.47925861 0.49126287 1.30207200 -0.80775827 
2.04298810 -0.05369109 1.04742228 -0.64855511 0.96053675 2.43701405 -1.03154130 
1.51454179 -0.31659965 -5.61610667 6.16859082 0.71767502 1.71661262 -0.63628368 
-3.05187954 0.72767828 -1.15295421 1.44997006 -0.22794816 -5.44009335 -0.28460982 
-0.79921413 0.05946965 0.23126439 -0.24811793 -0.20837276 -0.85527947 -0.05382671 
4.43692097 -0.50166678 0.03807734 -0.25469717 1.74345966 4.93430033 -1.72841052 
b1
-2.19967786 0.89241378 1.59820308 -2.07978249 -1.47471556 -2.93630839 2.28735680 
w2
4.50753292
-1.10302135
-4.09765470
-4.14663200
-3.40447808
-3.78885043
-1.59431346
b2
-0.31266645
errfunc linear