nlayers 2
nin 35
nhidden 7
nout 1
nwts 260
w1
-0.75378409 -0.20295275 0.35096035 -0.53326878 1.14545471 -0.66227428 1.39626434 
-1.55381748 0.13656731 -0.40735370 -1.12279389 0.18308213 -0.59985453 -0.38867221 
-1.29001419 -0.05094199 -0.26850984 -1.17299491 0.94991495 -0.64509517 -1.41315114 
-1.35935230 0.20967214 -0.22149519 -0.48747254 0.81903846 -0.14652090 1.16015120 
-1.63709228 0.01112739 0.35800408 0.26593480 0.03313965 1.00565396 2.56742739 
-0.99169638 0.01295751 -0.09084494 -0.63108955 -0.21926747 0.91506644 0.05084233 
0.29372839 -0.18554662 0.19514657 -0.11145282 0.20985530 0.29687173 1.29580033 
0.28213485 0.14880681 0.14324767 0.71877403 -0.46775814 -0.04896563 1.09469559 
-0.74485596 0.30900194 0.00671995 -1.30327819 -0.77910298 -0.70832738 -0.06338879 
0.21199814 0.33753861 0.24161585 -0.70116331 -1.61484327 0.37148576 1.69048313 
-0.85336375 0.09516197 -0.03233315 -1.87606706 0.06852730 -0.78377582 -1.77813929 
0.31770752 0.00807766 0.09910179 0.26602446 -0.22283667 -0.72214335 0.14913127 
1.24873543 -0.12946801 0.08802580 0.98824701 -0.21766538 -0.30978466 1.55672732 
1.24226522 -0.17297232 -0.04197737 1.14948864 1.05487697 0.08644855 -1.74489000 
-0.18655940 0.00190139 0.04976649 -0.97653427 0.19942415 -1.09268033 -1.34952980 
-0.88007024 0.01798213 -0.37481325 -1.36862083 -1.13461611 -1.42111411 -1.37798269 
1.51460715 -0.02739609 0.31172603 1.00868712 -0.36394732 -0.55621697 0.65804399 
0.41856560 0.32446191 -0.06366784 -0.51831870 -1.07817729 -0.50114068 0.25068734 
1.82412720 0.02660733 0.17509247 2.70514995 6.25546183 -0.59429097 -3.13425965 
1.51920225 0.04592607 0.36645706 1.17696706 -0.31782126 0.59557739 0.41638142 
-0.18499623 -0.17524420 -0.27149844 -0.36747895 0.16741991 -1.46115197 -0.55144663 
-3.87039248 0.21758794 0.44198895 0.54255853 0.03447374 0.05675743 0.50702601 
1.38723857 0.23912626 0.23106730 -0.72452419 -0.09012158 -0.63501571 -0.25411596 
-0.53486310 -0.27471805 -0.27038003 -0.66820483 -0.88643911 0.14403904 0.15318039 
0.24240170 -0.31799078 -0.52132231 -1.47007148 -0.06969050 -0.27695843 0.80230037 
-0.61221563 0.00996100 0.20118905 0.40043008 1.54877229 1.16954924 0.26838493 
0.95233315 0.12931505 -0.16433392 -1.09199073 1.74445007 1.12716884 0.38597963 
-2.57875518 0.25379396 0.75205348 -0.09205479 -0.39936296 -0.41047785 0.67013865 
0.59592187 -0.03245080 0.50252395 1.43602700 -0.88227681 -0.70894999 -0.93108895 
1.05525438 -0.17292514 0.17323641 1.37613720 -1.04463605 -0.85153611 -1.01110546 
1.93160836 0.55737765 -0.44163144 3.14641077 -2.04808064 -1.56463553 -2.52495719 
1.25181705 0.64446170 -0.25492139 1.54155638 -1.00024983 -0.77806486 -1.26821665 
-0.00928124 -0.37393194 0.38823139 -4.37116499 -0.30611410 -0.10626842 1.13790150 
-0.31780702 -0.66648312 0.52910173 -0.43146187 0.06011424 -0.01516698 0.46077706 
0.82699868 0.01580826 -0.54350462 2.96843602 -2.26656424 -2.01429799 -2.41793625 
b1
-1.83954796 -0.17416181 0.69534024 -3.13167976 2.04044019 2.55858758 2.06230044 
w2
-2.17536676
-0.91447365
-1.09814899
-3.05440770
3.70138544
-4.06965640
-4.46308519
b2
-0.19951380
errfunc linear