nlayers 2
nin 35
nhidden 3
nout 1
nwts 112
w1
0.59810172 -0.89844307 0.75355018 
-0.38464729 -0.90256077 -0.77171526 
-0.17616012 0.03403260 -0.03351385 
0.22353170 0.00509711 0.15790489 
0.25154766 -0.67125534 0.26273867 
-0.76092362 0.76282091 -0.24227901 
0.22708331 -0.73695526 0.49563120 
0.35085956 -0.07795848 0.13647180 
0.57055449 -0.99579762 0.41837513 
0.40462569 -0.14597350 0.11960426 
-0.59340243 0.77322856 -0.08254730 
0.12078676 0.00450344 0.17439185 
0.38454525 -0.37078106 0.54262039 
-0.69421237 0.65091715 -0.97547548 
-0.67402586 -0.31260309 0.12741102 
0.17968754 -1.25087906 -0.46470767 
-0.10248954 -0.05551523 -0.01547703 
0.03997166 0.57890330 0.13423195 
-0.85932884 -0.30618210 -0.19260903 
-0.23830655 0.68731154 0.73273948 
-0.54793231 -0.11804289 -0.12507521 
0.31554903 -0.00495561 -0.13654467 
-0.16860876 0.14752155 -0.17238402 
-0.32001497 0.67500262 0.43795353 
-0.19757606 -0.34234614 0.47638746 
-0.74121669 0.84524810 1.30282334 
-0.73079125 0.94737015 0.35203489 
-0.22092492 -0.23353555 0.44942024 
0.27886361 -0.29237983 -0.17494242 
-0.26424452 0.16646491 0.03723445 
0.44320142 -0.21967206 -0.45074027 
0.66788226 -0.38154870 -0.76054370 
-0.88045592 0.62133480 0.62345859 
-0.22816299 -0.01876486 0.35280855 
1.96763507 -1.01619486 -2.50806442 
b1
-1.55852101 2.05554059 1.33892524 
w2
-1.80366318
-1.50380424
-1.00062286
b2
0.65572510
errfunc linear