1      out/cuts-3-1 0.526 0.542 0.961 0.805 0.810 1.000 0.962 0.958 0.956 0.788 0.799 0.968
2      out/cuts-3-1.2 0.557 0.574 0.961 0.805 0.810 1.000 0.956 0.953 0.956 0.798 0.809 0.968
3      out/cuts-3-1.4 0.608 0.611 0.961 0.805 0.810 1.000 0.945 0.939 0.956 0.808 0.816 0.968
4      out/cuts-3-1.6 0.617 0.614 0.961 0.805 0.810 1.000 0.941 0.932 0.956 0.809 0.813 0.968
5      out/cuts-3-1.8 0.617 0.614 0.961 0.805 0.810 1.000 0.941 0.932 0.956 0.809 0.813 0.968
6      out/cuts-3-2 0.617 0.614 0.961 0.805 0.810 1.000 0.941 0.932 0.956 0.809 0.813 0.968
7      out/cuts-3.2-1 0.744 0.772 0.961 0.924 0.937 1.000 0.935 0.930 0.956 0.876 0.885 0.968
8      out/cuts-3.2-1.2 0.801 0.824 0.961 0.924 0.937 1.000 0.922 0.915 0.956 0.889 0.894 0.968
9      out/cuts-3.2-1.4 0.839 0.847 0.961 0.924 0.937 1.000 0.888 0.879 0.956 0.884 0.885 0.968
10     out/cuts-3.2-1.6 0.859 0.848 0.961 0.924 0.937 1.000 0.884 0.871 0.956 0.885 0.882 0.968
11     out/cuts-3.2-1.8 0.859 0.848 0.961 0.924 0.937 1.000 0.884 0.871 0.956 0.885 0.882 0.968
12     out/cuts-3.2-2 0.859 0.848 0.961 0.924 0.937 1.000 0.884 0.871 0.956 0.885 0.882 0.968
13     out/cuts-3.4-1 0.817 0.845 0.961 0.963 0.974 1.000 0.909 0.902 0.956 0.896 0.903 0.968
14     out/cuts-3.4-1.2 0.877 0.896 0.961 0.967 0.974 1.000 0.890 0.873 0.956 0.906 0.901 0.968
15     out/cuts-3.4-1.4 0.936 0.937 0.961 0.967 0.974 1.000 0.842 0.821 0.956 0.895 0.884 0.968
16     out/cuts-3.4-1.6 0.955 0.938 0.961 0.967 0.974 1.000 0.839 0.815 0.956 0.896 0.882 0.968
17     out/cuts-3.4-1.8 0.955 0.938 0.961 0.967 0.974 1.000 0.839 0.815 0.956 0.896 0.882 0.968
18     out/cuts-3.4-2 0.961 0.941 0.961 0.967 0.974 1.000 0.837 0.812 0.956 0.896 0.880 0.968
18     out/cuts-3.6-1 0.845 0.873 0.961 0.977 0.988 1.000 0.891 0.885 0.956 0.900 0.906 0.968
19     out/cuts-3.6-1.2 0.911 0.923 0.961 0.982 0.988 1.000 0.867 0.850 0.956 0.905 0.900 0.968
20     out/cuts-3.6-1.4 0.959 0.958 0.961 0.984 0.990 1.000 0.804 0.783 0.956 0.884 0.873 0.968
21     out/cuts-3.6-1.6 0.978 0.958 0.961 0.983 0.989 1.000 0.797 0.772 0.956 0.882 0.866 0.968
22     out/cuts-3.6-1.8 0.978 0.958 0.961 0.983 0.989 1.000 0.797 0.772 0.956 0.882 0.866 0.968
23     out/cuts-3.6-2 0.983 0.961 0.961 0.983 0.989 1.000 0.795 0.769 0.956 0.882 0.865 0.968
24     out/cuts-3.8-1 0.866 0.895 0.961 0.979 0.991 1.000 0.874 0.873 0.956 0.899 0.908 0.968
25     out/cuts-3.8-1.2 0.922 0.935 0.961 0.984 0.991 1.000 0.841 0.828 0.956 0.897 0.893 0.968
26     out/cuts-3.8-1.4 0.966 0.970 0.961 0.986 0.993 1.000 0.753 0.739 0.956 0.864 0.855 0.968
27     out/cuts-3.8-1.6 0.986 0.971 0.961 0.985 0.992 1.000 0.741 0.723 0.956 0.858 0.846 0.968
28     out/cuts-3.8-1.8 0.986 0.971 0.961 0.985 0.992 1.000 0.740 0.721 0.956 0.858 0.845 0.968
29     out/cuts-3.8-2 0.989 0.971 0.961 0.985 0.992 1.000 0.738 0.719 0.956 0.857 0.843 0.968
30     out/cuts-4-1 0.873 0.901 0.961 0.982 0.994 1.000 0.863 0.862 0.956 0.897 0.905 0.968
31     out/cuts-4-1.2 0.925 0.937 0.961 0.987 0.994 1.000 0.814 0.803 0.956 0.887 0.883 0.968
32     out/cuts-4-1.4 0.969 0.972 0.961 0.989 0.996 1.000 0.717 0.703 0.956 0.850 0.841 0.968
33     out/cuts-4-1.6 0.989 0.972 0.961 0.988 0.995 1.000 0.700 0.682 0.956 0.842 0.829 0.968
34     out/cuts-4-1.8 0.989 0.972 0.961 0.988 0.995 1.000 0.698 0.680 0.956 0.841 0.828 0.968
35     out/cuts-4-2 0.991 0.972 0.961 0.988 0.995 1.000 0.696 0.677 0.956 0.840 0.826 0.968
