0.542 0.810 0.958 0.799
0.574 0.810 0.953 0.809
0.611 0.810 0.939 0.816
0.614 0.810 0.932 0.813
0.614 0.810 0.932 0.813
0.614 0.810 0.932 0.813
0.772 0.937 0.930 0.885
0.824 0.937 0.915 0.894
0.847 0.937 0.879 0.885
0.848 0.937 0.871 0.882
0.848 0.937 0.871 0.882
0.848 0.937 0.871 0.882
0.845 0.974 0.902 0.903
0.896 0.974 0.873 0.901
0.937 0.974 0.821 0.884
0.938 0.974 0.815 0.882
0.938 0.974 0.815 0.882
0.941 0.974 0.812 0.880
0.873 0.988 0.885 0.906
0.923 0.988 0.850 0.900
0.958 0.990 0.783 0.873
0.958 0.989 0.772 0.866
0.958 0.989 0.772 0.866
0.961 0.989 0.769 0.865
0.895 0.991 0.873 0.908
0.935 0.991 0.828 0.893
0.970 0.993 0.739 0.855
0.971 0.992 0.723 0.846
0.971 0.992 0.721 0.845
0.971 0.992 0.719 0.843
0.901 0.994 0.862 0.905
0.937 0.994 0.803 0.883
0.972 0.996 0.703 0.841
0.972 0.995 0.682 0.829
0.972 0.995 0.680 0.828
0.972 0.995 0.677 0.826
