0.002805 0.023843 0.019635 0.011220 0.040673 0.004208
0.012048 0.053012 0.028916 0.026506 0.072289 0.002410
0.003168 0.024287 0.021119 0.019007 0.045407 0.009504
0.005517 0.027586 0.027586 0.023448 0.044138 0.011034
0.004630 0.050926 0.018519 0.023148 0.037037 0.009259
0.004647 0.028810 0.013011 0.026952 0.047398 0.007435
0.003546 0.017730 0.021277 0.023641 0.050827 0.007092
0.007299 0.054745 0.021898 0.032847 0.047445 0.007299
0.000000 0.044855 0.013193 0.018470 0.034301 0.000000
0.003901 0.027308 0.015605 0.018205 0.044213 0.006502
0.003906 0.021484 0.022461 0.023438 0.052734 0.012695
0.004505 0.049550 0.018018 0.022523 0.036036 0.009009
0.003633 0.031789 0.027248 0.020890 0.048138 0.005450
0.004261 0.025568 0.026989 0.022727 0.042614 0.008523
0.004932 0.028360 0.023428 0.029593 0.061652 0.012330
0.009615 0.043269 0.028846 0.028846 0.045673 0.002404
0.005612 0.021324 0.022447 0.014590 0.051627 0.019080
0.001198 0.034731 0.029940 0.023952 0.069461 0.002395
0 0 0 0 0 0
0.003106 0.043478 0.022774 0.025880 0.056936 0
0.000000 0.040541 0.067568 0.027027 0.067568 0.000000
0.002868 0.023901 0.019120 0.020076 0.041109 0.006692
0.003797 0.025316 0.018987 0.018987 0.035443 0.006329
0.005994 0.025974 0.019980 0.021978 0.031968 0.005994
0.008568 0.046512 0.034272 0.036720 0.051408 0.013464
0.001255 0.028858 0.027604 0.021330 0.038896 0.015056
0.002232 0.036830 0.021205 0.020089 0.040179 0.005580
0.008380 0.047486 0.022346 0.025140 0.061453 0.005587
0.000000 0.023256 0.000000 0.023256 0.023256 0.000000
0.005176 0.030021 0.020704 0.026915 0.053830 0.013458
0.005698 0.042735 0.031339 0.031339 0.045584 0.014245
0.005908 0.035451 0.026588 0.023634 0.054653 0.008863
0.007194 0.046763 0.028777 0.028777 0.043165 0.014388
0.008282 0.039337 0.039337 0.026915 0.064182 0.010352
0.003901 0.029909 0.019506 0.023407 0.066320 0.006502
0.007308 0.031669 0.026797 0.019488 0.052375 0.009744
0.009259 0.046296 0.032407 0.037037 0.050926 0.004630
0.007326 0.034799 0.025641 0.031136 0.043956 0.010989
0.003484 0.031359 0.027875 0.010453 0.031359 0.013937
0.003115 0.018692 0.003115 0.009346 0.012461 0.006231
0.008264 0.053719 0.012397 0.037190 0.057851 0.028926
0.010000 0.050000 0.020000 0.010000 0.030000 0.010000
0.010417 0.052083 0.020833 0.010417 0.010417 0.010417
0.022222 0.022222 0.000000 0.044444 0.044444 0.066667
0.000000 0.027027 0.013514 0.000000 0.040541 0.000000
0.000000 0.000000 0.000000 0.062500 0.062500 0.000000
0.005714 0.017143 0.022857 0.011429 0.028571 0.028571
