PARA /afs/pdc.kth.se/projects/sbc/sbcweb/scratch/arnee/Pmodeller5.20436.kmXNBw/pcons5.20436.26007/CA/20436.1LQ7_A.inbgu.1.bb 0.002805 0.023843 0.019635 0.011220 0.040673 0.004208 0.029453 0.060309 0.072931 0.144460 0.026648 0.018233 0.060309 0.106592 0.019635 0.042076 0.144460 0.008415 0.116410 0.047686 0.000000 0.078947 0.210526 0.184211 0.315789 0.026316 0.184211 0.000000 0.000000 0.100000 0.000000 0.900000 0.000000 2.252239 0.843750 
PARA /afs/pdc.kth.se/projects/sbc/sbcweb/scratch/arnee/Pmodeller5.20436.kmXNBw/pcons5.20436.26007/CA/20436.2SPC_A.inbgu.2.bb 0.012048 0.053012 0.028916 0.026506 0.072289 0.002410 0.036145 0.065060 0.055422 0.132530 0.021687 0.014458 0.062651 0.103614 0.012048 0.028916 0.106024 0.009639 0.127711 0.028916 0.000000 0.094118 0.188235 0.176471 0.200000 0.282353 0.058824 0.000000 0.000000 0.000000 0.000000 0.000000 0.000000 7.979308 0.839080 
PARA /afs/pdc.kth.se/projects/sbc/sbcweb/scratch/arnee/Pmodeller5.20436.kmXNBw/pcons5.20436.26007/CA/20436.1FAP_B.inbgu.3.bb 0.003168 0.024287 0.021119 0.019007 0.045407 0.009504 0.028511 0.057022 0.050686 0.139388 0.019007 0.031679 0.063358 0.140444 0.013728 0.025343 0.109820 0.015839 0.145723 0.036959 0.000000 0.094340 0.264151 0.150943 0.150943 0.188679 0.150943 0.000000 0.000000 0.500000 0.000000 0.500000 0.000000 1.843016 0.779070 
PARA /afs/pdc.kth.se/projects/sbc/sbcweb/scratch/arnee/Pmodeller5.20436.kmXNBw/pcons5.20436.26007/CA/20436.1L8D_A.inbgu.4.bb 0.005517 0.027586 0.027586 0.023448 0.044138 0.011034 0.023448 0.048276 0.062069 0.117241 0.030345 0.022069 0.081379 0.108966 0.027586 0.040000 0.121379 0.019310 0.106207 0.046897 0.005517 0.101449 0.260870 0.188406 0.231884 0.115942 0.101449 0.000000 0.000000 0.000000 0.000000 0.000000 0.000000 5.293277 0.829787 
PARA /afs/pdc.kth.se/projects/sbc/sbcweb/scratch/arnee/Pmodeller5.20436.kmXNBw/pcons5.20436.26007/CA/20436.1SFC_C.inbgu.5.bb 0.004630 0.050926 0.018519 0.023148 0.037037 0.009259 0.046296 0.069444 0.074074 0.143519 0.018519 0.004630 0.074074 0.111111 0.004630 0.055556 0.111111 0.004630 0.111111 0.027778 0.000000 0.066667 0.240000 0.146667 0.186667 0.333333 0.026667 0.000000 0.000000 0.000000 0.000000 0.000000 0.000000 18.676041 0.906667 
PARA /afs/pdc.kth.se/projects/sbc/sbcweb/scratch/arnee/Pmodeller5.20436.kmXNBw/pcons5.20436.26007/CA/20436.1NG1.inbgu.6.bb 0.004647 0.028810 0.013011 0.026952 0.047398 0.007435 0.035316 0.034387 0.070632 0.143123 0.035316 0.007435 0.046468 0.091078 0.013941 0.033457 0.134758 0.024164 0.146840 0.052974 0.001859 0.121951 0.292683 0.097561 0.121951 0.195122 0.170732 0.050000 0.050000 0.100000 0.150000 0.650000 0.000000 1.944056 0.848837 
PARA /afs/pdc.kth.se/projects/sbc/sbcweb/scratch/arnee/Pmodeller5.20436.kmXNBw/pcons5.20436.26007/CA/20436.1E6I_A.inbgu.7.bb 0.003546 0.017730 0.021277 0.023641 0.050827 0.007092 0.018913 0.041371 0.052009 0.104019 0.027187 0.021277 0.079196 0.109929 0.016548 0.037825 0.127660 0.035461 0.135934 0.068558 0.000000 0.098361 0.213115 0.131148 0.262295 0.180328 0.114754 0.000000 0.000000 0.000000 0.000000 0.000000 0.000000 2.238897 0.850575 
PARA /afs/pdc.kth.se/projects/sbc/sbcweb/scratch/arnee/Pmodeller5.20436.kmXNBw/pcons5.20436.26007/CA/20436.1JFE_D.inbgu.8.bb 0.007299 0.054745 0.021898 0.032847 0.047445 0.007299 0.029197 0.054745 0.076642 0.098540 0.032847 0.018248 0.094891 0.109489 0.018248 0.043796 0.102190 0.014599 0.102190 0.032847 0.000000 0.086022 0.193548 0.172043 0.193548 0.301075 0.053763 0.000000 0.000000 0.000000 0.000000 0.000000 0.000000 15.621839 0.709677 
PARA /afs/pdc.kth.se/projects/sbc/sbcweb/scratch/arnee/Pmodeller5.20436.kmXNBw/pcons5.20436.26007/CA/20436.1NKP_A.inbgu.10.bb 0.000000 0.044855 0.013193 0.018470 0.034301 0.000000 0.055409 0.044855 0.097625 0.187335 0.018470 0.000000 0.047493 0.068602 0.002639 0.044855 0.147757 0.007916 0.153034 0.013193 0.000000 0.086207 0.275862 0.103448 0.172414 0.327586 0.034483 0.000000 0.000000 0.500000 0.500000 0.000000 0.000000 5.320361 0.910448 
PARA /afs/pdc.kth.se/projects/sbc/sbcweb/scratch/arnee/Pmodeller5.20436.kmXNBw/pcons5.20436.26007/CA/20436.1LQ7_A.foldfit.2.bb 0.003901 0.027308 0.015605 0.018205 0.044213 0.006502 0.031209 0.054616 0.072822 0.132640 0.023407 0.011704 0.059818 0.093628 0.015605 0.048114 0.162549 0.011704 0.117035 0.049415 0.000000 0.097561 0.219512 0.146341 0.317073 0.048780 0.170732 0.000000 0.000000 0.100000 0.000000 0.900000 0.000000 2.362745 0.910448 
PARA /afs/pdc.kth.se/projects/sbc/sbcweb/scratch/arnee/Pmodeller5.20436.kmXNBw/pcons5.20436.26007/CA/20436.1NSG_B.foldfit.3.bb 0.003906 0.021484 0.022461 0.023438 0.052734 0.012695 0.021484 0.049805 0.048828 0.125000 0.019531 0.034180 0.064453 0.140625 0.013672 0.024414 0.114258 0.018555 0.148438 0.037109 0.002930 0.109091 0.236364 0.200000 0.145455 0.181818 0.127273 0.000000 0.000000 0.400000 0.000000 0.600000 0.000000 1.790555 0.858696 
PARA /afs/pdc.kth.se/projects/sbc/sbcweb/scratch/arnee/Pmodeller5.20436.kmXNBw/pcons5.20436.26007/CA/20436.1SFC_C.foldfit.4.bb 0.004505 0.049550 0.018018 0.022523 0.036036 0.009009 0.045045 0.067568 0.072072 0.139640 0.018018 0.018018 0.072072 0.117117 0.004505 0.054054 0.108108 0.004505 0.112613 0.027027 0.000000 0.064935 0.233766 0.155844 0.181818 0.337662 0.025974 0.000000 0.000000 0.000000 0.000000 0.000000 0.000000 18.846523 0.909091 
PARA /afs/pdc.kth.se/projects/sbc/sbcweb/scratch/arnee/Pmodeller5.20436.kmXNBw/pcons5.20436.26007/CA/20436.256B_A.foldfit.5.bb 0.003633 0.031789 0.027248 0.020890 0.048138 0.005450 0.035422 0.055404 0.059946 0.138965 0.014532 0.022707 0.065395 0.124432 0.006358 0.031789 0.123524 0.008174 0.150772 0.025431 0.000000 0.107143 0.196429 0.142857 0.285714 0.125000 0.142857 0.000000 0.117647 0.176471 0.000000 0.705882 0.000000 2.351901 0.936170 
PARA /afs/pdc.kth.se/projects/sbc/sbcweb/scratch/arnee/Pmodeller5.20436.kmXNBw/pcons5.20436.26007/CA/20436.1L8D_A.foldfit.6.bb 0.004261 0.025568 0.026989 0.022727 0.042614 0.008523 0.024148 0.049716 0.065341 0.117898 0.031250 0.022727 0.083807 0.109375 0.028409 0.041193 0.120739 0.019886 0.109375 0.039773 0.005682 0.097222 0.250000 0.180556 0.222222 0.152778 0.097222 0.000000 0.000000 0.000000 0.000000 0.000000 0.000000 5.602255 0.797872 
PARA /afs/pdc.kth.se/projects/sbc/sbcweb/scratch/arnee/Pmodeller5.20436.kmXNBw/pcons5.20436.26007/CA/20436.1NWM_X.foldfit.7.bb 0.004932 0.028360 0.023428 0.029593 0.061652 0.012330 0.023428 0.043157 0.065351 0.123305 0.027127 0.019729 0.061652 0.092478 0.016030 0.034525 0.133169 0.019729 0.114673 0.065351 0.000000 0.103896 0.207792 0.129870 0.233766 0.194805 0.129870 0.000000 0.000000 0.000000 0.000000 1.000000 0.000000 4.442878 0.822917 
PARA /afs/pdc.kth.se/projects/sbc/sbcweb/scratch/arnee/Pmodeller5.20436.kmXNBw/pcons5.20436.26007/CA/20436.1EBO_A.foldfit.8.bb 0.009615 0.043269 0.028846 0.028846 0.045673 0.002404 0.038462 0.062500 0.086538 0.129808 0.016827 0.016827 0.055288 0.105769 0.007212 0.040865 0.125000 0.012019 0.115385 0.028846 0.000000 0.112500 0.212500 0.150000 0.200000 0.275000 0.050000 0.000000 0.000000 0.000000 0.000000 0.000000 0.000000 6.848560 0.722222 
PARA /afs/pdc.kth.se/projects/sbc/sbcweb/scratch/arnee/Pmodeller5.20436.kmXNBw/pcons5.20436.26007/CA/20436.1JIG_A.foldfit.9.bb 0.005612 0.021324 0.022447 0.014590 0.051627 0.019080 0.028058 0.052750 0.074074 0.123457 0.024691 0.015713 0.060606 0.115600 0.020202 0.037037 0.125701 0.020202 0.113356 0.049383 0.004489 0.102564 0.205128 0.166667 0.205128 0.192308 0.128205 0.000000 0.000000 0.166667 0.000000 0.833333 0.000000 2.658826 0.858586 
PARA /afs/pdc.kth.se/projects/sbc/sbcweb/scratch/arnee/Pmodeller5.20436.kmXNBw/pcons5.20436.26007/CA/20436.1CUN_A.foldfit.10.bb 0.001198 0.034731 0.029940 0.023952 0.069461 0.002395 0.023952 0.047904 0.068263 0.137725 0.011976 0.027545 0.057485 0.129341 0.007186 0.034731 0.131737 0.003593 0.135329 0.021557 0.000000 0.132353 0.250000 0.147059 0.220588 0.191176 0.058824 0.000000 0.000000 0.000000 0.000000 1.000000 0.000000 3.925462 0.890110 
PARA /afs/pdc.kth.se/projects/sbc/sbcweb/scratch/arnee/Pmodeller5.20436.kmXNBw/pcons5.20436.26007/CA/20436.1L9Z_H.orfeus.1.bb -1 -1 -1 -1 -1 -1
PARA /afs/pdc.kth.se/projects/sbc/sbcweb/scratch/arnee/Pmodeller5.20436.kmXNBw/pcons5.20436.26007/CA/20436.1IW7_F.orfeus.2.bb 0.003106 0.043478 0.022774 0.025880 0.056936 0.005176 0.041408 0.047619 0.082816 0.135611 0.024845 0.017598 0.060041 0.083851 0.012422 0.040373 0.131470 0.018634 0.105590 0.037267 0.003106 0.112903 0.161290 0.193548 0.161290 0.241935 0.129032 0.000000 0.230769 0.076923 0.153846 0.538462 0.000000 2.666167 0.777778 
PARA /afs/pdc.kth.se/projects/sbc/sbcweb/scratch/arnee/Pmodeller5.20436.kmXNBw/pcons5.20436.26007/CA/20436.1L0O_C.orfeus.3.bb 0.000000 0.040541 0.067568 0.027027 0.067568 0.000000 0.027027 0.067568 0.000000 0.067568 0.013514 0.054054 0.162162 0.121622 0.040541 0.040541 0.094595 0.000000 0.081081 0.027027 0.000000 0.100000 0.133333 0.266667 0.166667 0.266667 0.066667 0.000000 0.000000 0.000000 0.000000 0.000000 0.000000 7.114151 0.833333 
PARA /afs/pdc.kth.se/projects/sbc/sbcweb/scratch/arnee/Pmodeller5.20436.kmXNBw/pcons5.20436.26007/CA/20436.5EAS.orfeus.4.bb 0.002868 0.023901 0.019120 0.020076 0.041109 0.006692 0.026769 0.057361 0.065966 0.107075 0.034417 0.024857 0.070746 0.114723 0.028681 0.033461 0.123327 0.028681 0.109943 0.058317 0.001912 0.105263 0.175439 0.140351 0.210526 0.245614 0.122807 0.000000 0.083333 0.083333 0.083333 0.750000 0.000000 2.050187 0.833333 
PARA /afs/pdc.kth.se/projects/sbc/sbcweb/scratch/arnee/Pmodeller5.20436.kmXNBw/pcons5.20436.26007/CA/20436.1IZO_A.orfeus.5.bb 0.003797 0.025316 0.018987 0.018987 0.035443 0.006329 0.035443 0.054430 0.075949 0.125316 0.035443 0.015190 0.070886 0.087342 0.027848 0.043038 0.143038 0.012658 0.108861 0.055696 0.000000 0.072464 0.188406 0.159420 0.202899 0.246377 0.130435 0.000000 0.333333 0.333333 0.000000 0.333333 0.000000 2.237706 0.819149 
PARA /afs/pdc.kth.se/projects/sbc/sbcweb/scratch/arnee/Pmodeller5.20436.kmXNBw/pcons5.20436.26007/CA/20436.1FX0_B.orfeus.6.bb 0.005994 0.025974 0.019980 0.021978 0.031968 0.005994 0.036963 0.051948 0.086913 0.129870 0.026973 0.020979 0.067932 0.095904 0.017982 0.045954 0.135864 0.026973 0.110889 0.032967 0.000000 0.125000 0.178571 0.142857 0.214286 0.214286 0.125000 0.000000 0.333333 0.222222 0.000000 0.444444 0.000000 2.105364 0.711111 
PARA /afs/pdc.kth.se/projects/sbc/sbcweb/scratch/arnee/Pmodeller5.20436.kmXNBw/pcons5.20436.26007/CA/20436.1O5H_A.orfeus.7.bb 0.008568 0.046512 0.034272 0.036720 0.051408 0.013464 0.039168 0.068543 0.080783 0.100367 0.030600 0.024480 0.073439 0.100367 0.015912 0.035496 0.088127 0.029376 0.083231 0.034272 0.004896 0.070175 0.210526 0.192982 0.263158 0.210526 0.052632 0.142857 0.285714 0.000000 0.142857 0.428571 0.000000 3.995877 0.781609 
PARA /afs/pdc.kth.se/projects/sbc/sbcweb/scratch/arnee/Pmodeller5.20436.kmXNBw/pcons5.20436.26007/CA/20436.1DOW_A.orfeus.8.bb 0.001255 0.028858 0.027604 0.021330 0.038896 0.015056 0.033877 0.055207 0.086575 0.102886 0.033877 0.025094 0.076537 0.096612 0.031368 0.042660 0.106650 0.020075 0.104141 0.045169 0.006274 0.085714 0.185714 0.128571 0.214286 0.257143 0.128571 0.000000 0.000000 0.333333 0.000000 0.666667 0.000000 5.133742 0.814433 
PARA /afs/pdc.kth.se/projects/sbc/sbcweb/scratch/arnee/Pmodeller5.20436.kmXNBw/pcons5.20436.26007/CA/20436.1PN1_A.orfeus.9.bb 0.002232 0.036830 0.021205 0.020089 0.040179 0.005580 0.041295 0.059152 0.068080 0.130580 0.021205 0.020089 0.075893 0.111607 0.015625 0.042411 0.126116 0.010045 0.117188 0.034598 0.000000 0.075472 0.188679 0.188679 0.207547 0.188679 0.150943 0.000000 0.187500 0.125000 0.125000 0.562500 0.000000 2.531908 0.829545 
PARA /afs/pdc.kth.se/projects/sbc/sbcweb/scratch/arnee/Pmodeller5.20436.kmXNBw/pcons5.20436.26007/CA/20436.2SPC_A.orfeus.10.bb 0.008380 0.047486 0.022346 0.025140 0.061453 0.005587 0.039106 0.041899 0.072626 0.134078 0.022346 0.008380 0.067039 0.086592 0.013966 0.033520 0.122905 0.011173 0.142458 0.033520 0.000000 0.084337 0.192771 0.168675 0.204819 0.301205 0.048193 0.000000 0.000000 0.000000 0.000000 0.000000 0.000000 9.084079 0.879518 
PARA /afs/pdc.kth.se/projects/sbc/sbcweb/scratch/arnee/Pmodeller5.20436.kmXNBw/pcons5.20436.26007/CA/20436.4HB1.forte1.1.bb 0.000000 0.023256 0.000000 0.023256 0.023256 0.000000 0.046512 0.069767 0.162791 0.116279 0.000000 0.000000 0.162791 0.139535 0.000000 0.023256 0.116279 0.000000 0.093023 0.000000 0.000000 0.047619 0.285714 0.190476 0.190476 0.285714 0.000000 0.000000 0.000000 0.000000 0.000000 0.000000 0.000000 6.919789 0.857143 
PARA /afs/pdc.kth.se/projects/sbc/sbcweb/scratch/arnee/Pmodeller5.20436.kmXNBw/pcons5.20436.26007/CA/20436.1FIO_A.forte1.2.bb 0.005176 0.030021 0.020704 0.026915 0.053830 0.013458 0.025880 0.049689 0.062112 0.131470 0.014493 0.016563 0.065217 0.112836 0.026915 0.027950 0.125259 0.007246 0.133540 0.047619 0.003106 0.113924 0.215190 0.164557 0.202532 0.189873 0.113924 0.000000 0.000000 0.000000 0.000000 1.000000 0.000000 3.107282 0.754902 
PARA /afs/pdc.kth.se/projects/sbc/sbcweb/scratch/arnee/Pmodeller5.20436.kmXNBw/pcons5.20436.26007/CA/20436.1JAD_A.forte1.3.bb 0.005698 0.042735 0.031339 0.031339 0.045584 0.014245 0.017094 0.048433 0.059829 0.079772 0.054131 0.019943 0.071225 0.094017 0.025641 0.045584 0.113960 0.037037 0.085470 0.076923 0.000000 0.090909 0.181818 0.161616 0.191919 0.272727 0.101010 0.000000 0.000000 0.000000 0.000000 0.000000 0.000000 9.199694 0.696078 
PARA /afs/pdc.kth.se/projects/sbc/sbcweb/scratch/arnee/Pmodeller5.20436.kmXNBw/pcons5.20436.26007/CA/20436.1FXK_A.forte1.4.bb 0.005908 0.035451 0.026588 0.023634 0.054653 0.008863 0.025111 0.039882 0.066470 0.118168 0.033973 0.013294 0.076809 0.101920 0.020679 0.044313 0.131462 0.013294 0.113737 0.045790 0.000000 0.115942 0.246377 0.144928 0.231884 0.159420 0.101449 0.000000 0.000000 0.000000 0.000000 0.000000 0.000000 5.614995 0.900000 
PARA /afs/pdc.kth.se/projects/sbc/sbcweb/scratch/arnee/Pmodeller5.20436.kmXNBw/pcons5.20436.26007/CA/20436.1C1G_A.forte1.5.bb 0.007194 0.046763 0.028777 0.028777 0.043165 0.014388 0.025180 0.046763 0.068345 0.097122 0.043165 0.025180 0.086331 0.100719 0.017986 0.046763 0.097122 0.028777 0.093525 0.053957 0.000000 0.088235 0.176471 0.166667 0.186275 0.284314 0.098039 0.000000 0.000000 0.000000 0.000000 0.000000 0.000000 68.028677 0.774510 
PARA /afs/pdc.kth.se/projects/sbc/sbcweb/scratch/arnee/Pmodeller5.20436.kmXNBw/pcons5.20436.26007/CA/20436.1JSD_B.forte1.6.bb 0.008282 0.039337 0.039337 0.026915 0.064182 0.010352 0.020704 0.062112 0.055901 0.089027 0.018634 0.035197 0.068323 0.134576 0.012422 0.041408 0.128364 0.012422 0.103520 0.028986 0.000000 0.079545 0.193182 0.193182 0.181818 0.295455 0.056818 0.000000 0.000000 0.000000 0.000000 0.000000 0.000000 5.200442 0.541667 
PARA /afs/pdc.kth.se/projects/sbc/sbcweb/scratch/arnee/Pmodeller5.20436.kmXNBw/pcons5.20436.26007/CA/20436.1LQ7_A.forte1.7.bb 0.003901 0.029909 0.019506 0.023407 0.066320 0.006502 0.024707 0.041612 0.067620 0.127438 0.022107 0.009103 0.053316 0.087126 0.016905 0.046814 0.162549 0.011704 0.130039 0.049415 0.000000 0.121951 0.219512 0.146341 0.292683 0.048780 0.170732 0.000000 0.000000 0.100000 0.000000 0.900000 0.000000 2.362251 0.865672 
PARA /afs/pdc.kth.se/projects/sbc/sbcweb/scratch/arnee/Pmodeller5.20436.kmXNBw/pcons5.20436.26007/CA/20436.1SET_A.forte1.8.bb 0.007308 0.031669 0.026797 0.019488 0.052375 0.009744 0.030451 0.059683 0.062119 0.123021 0.028015 0.021924 0.057247 0.132765 0.020706 0.018270 0.110840 0.014616 0.120585 0.052375 0.000000 0.123288 0.205479 0.178082 0.219178 0.164384 0.109589 0.000000 0.500000 0.000000 0.000000 0.500000 0.000000 5.323478 0.876289 
PARA /afs/pdc.kth.se/projects/sbc/sbcweb/scratch/arnee/Pmodeller5.20436.kmXNBw/pcons5.20436.26007/CA/20436.1IC2_A.forte1.9.bb 0.009259 0.046296 0.032407 0.037037 0.050926 0.004630 0.032407 0.060185 0.064815 0.078704 0.032407 0.013889 0.101852 0.097222 0.023148 0.050926 0.111111 0.018519 0.097222 0.037037 0.000000 0.088608 0.189873 0.177215 0.202532 0.291139 0.050633 0.000000 0.000000 0.000000 0.000000 0.000000 0.000000 18.179756 0.772152 
PARA /afs/pdc.kth.se/projects/sbc/sbcweb/scratch/arnee/Pmodeller5.20436.kmXNBw/pcons5.20436.26007/CA/20436.1F5N_A.forte1.10.bb 0.007326 0.034799 0.025641 0.031136 0.043956 0.010989 0.036630 0.036630 0.078755 0.097070 0.040293 0.010989 0.065934 0.078755 0.047619 0.049451 0.109890 0.042125 0.078755 0.056777 0.016484 0.100000 0.166667 0.177778 0.155556 0.288889 0.111111 0.000000 0.000000 0.000000 0.000000 0.000000 0.000000 4.049315 0.810000 
PARA /afs/pdc.kth.se/projects/sbc/sbcweb/scratch/arnee/Pmodeller5.20436.kmXNBw/pcons5.20436.26007/CA/20436.1OXZ_A.pdbblast.1.bb 0.003484 0.031359 0.027875 0.010453 0.031359 0.013937 0.017422 0.041812 0.108014 0.101045 0.052265 0.017422 0.069686 0.101045 0.024390 0.031359 0.128920 0.020906 0.090592 0.076655 0.000000 0.075472 0.188679 0.150943 0.226415 0.264151 0.094340 0.000000 0.000000 0.000000 0.000000 0.000000 0.000000 8.492653 0.810345 
PARA /afs/pdc.kth.se/projects/sbc/sbcweb/scratch/arnee/Pmodeller5.20436.kmXNBw/pcons5.20436.26007/CA/20436.1GIQ_A.pdbblast.2.bb 0.003115 0.018692 0.003115 0.009346 0.012461 0.006231 0.049844 0.056075 0.087227 0.121495 0.046729 0.015576 0.062305 0.093458 0.021807 0.049844 0.140187 0.024922 0.115265 0.062305 0.000000 0.071429 0.190476 0.119048 0.285714 0.190476 0.142857 0.000000 0.000000 0.000000 0.000000 1.000000 0.000000 2.544025 0.725490 
PARA /afs/pdc.kth.se/projects/sbc/sbcweb/scratch/arnee/Pmodeller5.20436.kmXNBw/pcons5.20436.26007/CA/20436.1CYG.pdbblast.3.bb 0.008264 0.053719 0.012397 0.037190 0.057851 0.028926 0.041322 0.070248 0.074380 0.090909 0.037190 0.008264 0.045455 0.078512 0.016529 0.033058 0.107438 0.037190 0.082645 0.078512 0.000000 0.069767 0.186047 0.162791 0.209302 0.232558 0.139535 0.000000 0.000000 0.000000 0.000000 0.000000 0.000000 3.228630 0.375000 
PARA /afs/pdc.kth.se/projects/sbc/sbcweb/scratch/arnee/Pmodeller5.20436.kmXNBw/pcons5.20436.26007/CA/20436.1HA0_A.pdbblast.4.bb 0.010000 0.050000 0.020000 0.010000 0.030000 0.010000 0.060000 0.020000 0.090000 0.130000 0.050000 0.000000 0.080000 0.060000 0.060000 0.060000 0.110000 0.010000 0.110000 0.030000 0.000000 0.072727 0.163636 0.181818 0.200000 0.254545 0.127273 0.000000 0.000000 0.000000 0.000000 0.000000 0.000000 8.255227 0.527273 
PARA /afs/pdc.kth.se/projects/sbc/sbcweb/scratch/arnee/Pmodeller5.20436.kmXNBw/pcons5.20436.26007/CA/20436.1MQL_B.pdbblast.5.bb 0.010417 0.052083 0.020833 0.010417 0.010417 0.010417 0.062500 0.020833 0.093750 0.135417 0.052083 0.000000 0.072917 0.062500 0.062500 0.062500 0.093750 0.010417 0.114583 0.041667 0.000000 0.072727 0.163636 0.181818 0.200000 0.254545 0.127273 0.000000 0.000000 0.000000 0.000000 0.000000 0.000000 8.134598 0.545455 
PARA /afs/pdc.kth.se/projects/sbc/sbcweb/scratch/arnee/Pmodeller5.20436.kmXNBw/pcons5.20436.26007/CA/20436.1F38_A.pdbblast.7.bb 0.022222 0.022222 0.000000 0.044444 0.044444 0.066667 0.000000 0.000000 0.022222 0.066667 0.066667 0.000000 0.000000 0.044444 0.000000 0.022222 0.111111 0.066667 0.155556 0.244444 0.000000 0.095238 0.190476 0.047619 0.142857 0.285714 0.238095 0.000000 0.000000 0.000000 0.000000 0.000000 0.000000 2.698490 0.571429 
PARA /afs/pdc.kth.se/projects/sbc/sbcweb/scratch/arnee/Pmodeller5.20436.kmXNBw/pcons5.20436.26007/CA/20436.1H1N_A.pdbblast.8.bb 0.000000 0.027027 0.013514 0.000000 0.040541 0.000000 0.054054 0.121622 0.067568 0.121622 0.054054 0.067568 0.067568 0.094595 0.094595 0.000000 0.040541 0.000000 0.067568 0.067568 0.000000 0.031250 0.187500 0.187500 0.187500 0.218750 0.187500 0.000000 0.000000 0.000000 0.000000 0.000000 0.000000 5.939115 0.437500 
PARA /afs/pdc.kth.se/projects/sbc/sbcweb/scratch/arnee/Pmodeller5.20436.kmXNBw/pcons5.20436.26007/CA/20436.1KPR_A.pdbblast.9.bb 0.000000 0.000000 0.000000 0.062500 0.062500 0.000000 0.000000 0.031250 0.000000 0.000000 0.000000 0.062500 0.187500 0.125000 0.093750 0.062500 0.125000 0.031250 0.062500 0.093750 0.000000 0.080000 0.080000 0.280000 0.240000 0.240000 0.080000 0.000000 0.000000 0.000000 0.000000 0.000000 0.000000 8.872279 0.360000 
PARA /afs/pdc.kth.se/projects/sbc/sbcweb/scratch/arnee/Pmodeller5.20436.kmXNBw/pcons5.20436.26007/CA/20436.1BAJ.pdbblast.10.bb 0.005714 0.017143 0.022857 0.011429 0.028571 0.028571 0.022857 0.040000 0.051429 0.097143 0.074286 0.011429 0.062857 0.091429 0.045714 0.017143 0.091429 0.040000 0.102857 0.137143 0.000000 0.083333 0.208333 0.083333 0.208333 0.208333 0.208333 0.000000 0.000000 0.000000 0.000000 0.000000 0.000000 1.727593 0.750000 
SCORE /afs/pdc.kth.se/projects/sbc/sbcweb/scratch/arnee/Pmodeller5.20436.kmXNBw/pcons5.20436.26007/CA/20436.1LQ7_A.inbgu.1.bb  1.0748  0.5740  0.7861  0.3603  0.6541  0.6564  0.0000
SCORE /afs/pdc.kth.se/projects/sbc/sbcweb/scratch/arnee/Pmodeller5.20436.kmXNBw/pcons5.20436.26007/CA/20436.2SPC_A.inbgu.2.bb  1.3180  1.1786  1.4631  0.1354  1.1970  0.0000  0.0000
SCORE /afs/pdc.kth.se/projects/sbc/sbcweb/scratch/arnee/Pmodeller5.20436.kmXNBw/pcons5.20436.26007/CA/20436.1FAP_B.inbgu.3.bb  1.1746  0.5934  0.8091  0.4211  1.6197  0.0000  0.0000
SCORE /afs/pdc.kth.se/projects/sbc/sbcweb/scratch/arnee/Pmodeller5.20436.kmXNBw/pcons5.20436.26007/CA/20436.1L8D_A.inbgu.4.bb  1.3766  1.3300  1.5249  0.1096  1.1331  0.0000  0.0000
SCORE /afs/pdc.kth.se/projects/sbc/sbcweb/scratch/arnee/Pmodeller5.20436.kmXNBw/pcons5.20436.26007/CA/20436.1SFC_C.inbgu.5.bb  1.7536  1.2507  1.5575  0.3228  2.1708  0.0000  0.0000
SCORE /afs/pdc.kth.se/projects/sbc/sbcweb/scratch/arnee/Pmodeller5.20436.kmXNBw/pcons5.20436.26007/CA/20436.1NG1.inbgu.6.bb  1.3143  0.7241  1.0391  0.3456  1.8964  0.0000  0.0000
SCORE /afs/pdc.kth.se/projects/sbc/sbcweb/scratch/arnee/Pmodeller5.20436.kmXNBw/pcons5.20436.26007/CA/20436.1E6I_A.inbgu.7.bb  0.8194  0.5542  0.5842  0.1871  1.0944  0.0000  0.0000
SCORE /afs/pdc.kth.se/projects/sbc/sbcweb/scratch/arnee/Pmodeller5.20436.kmXNBw/pcons5.20436.26007/CA/20436.1JFE_D.inbgu.8.bb  1.4286  1.2322  1.5518  0.1809  1.3306  0.0000  0.0000
SCORE /afs/pdc.kth.se/projects/sbc/sbcweb/scratch/arnee/Pmodeller5.20436.kmXNBw/pcons5.20436.26007/CA/20436.1NKP_A.inbgu.10.bb  1.0593  0.8413  0.6569  0.1851  1.3780  0.0000  0.0000
SCORE /afs/pdc.kth.se/projects/sbc/sbcweb/scratch/arnee/Pmodeller5.20436.kmXNBw/pcons5.20436.26007/CA/20436.1LQ7_A.foldfit.2.bb  0.9908  0.7629  0.9035  0.3764  0.6279  0.0000  0.0000
SCORE /afs/pdc.kth.se/projects/sbc/sbcweb/scratch/arnee/Pmodeller5.20436.kmXNBw/pcons5.20436.26007/CA/20436.1NSG_B.foldfit.3.bb  1.3110  0.7465  0.9650  0.4524  1.6366  0.0000  0.0000
SCORE /afs/pdc.kth.se/projects/sbc/sbcweb/scratch/arnee/Pmodeller5.20436.kmXNBw/pcons5.20436.26007/CA/20436.1SFC_C.foldfit.4.bb  1.7757  1.3001  1.5575  0.3186  2.1660  0.0000  0.0000
SCORE /afs/pdc.kth.se/projects/sbc/sbcweb/scratch/arnee/Pmodeller5.20436.kmXNBw/pcons5.20436.26007/CA/20436.256B_A.foldfit.5.bb  1.4805  0.8820  1.1668  0.4463  1.8693  0.0000  0.0000
SCORE /afs/pdc.kth.se/projects/sbc/sbcweb/scratch/arnee/Pmodeller5.20436.kmXNBw/pcons5.20436.26007/CA/20436.1L8D_A.foldfit.6.bb  1.3791  1.3625  1.5180  0.1003  1.1054  0.0000  0.0000
SCORE /afs/pdc.kth.se/projects/sbc/sbcweb/scratch/arnee/Pmodeller5.20436.kmXNBw/pcons5.20436.26007/CA/20436.1NWM_X.foldfit.7.bb  0.9775  0.8371  0.7525  0.1617  1.0631  0.0000  0.0000
SCORE /afs/pdc.kth.se/projects/sbc/sbcweb/scratch/arnee/Pmodeller5.20436.kmXNBw/pcons5.20436.26007/CA/20436.1EBO_A.foldfit.8.bb  0.9344  0.8929  0.7516  0.1052  0.9273  0.0000  0.0000
SCORE /afs/pdc.kth.se/projects/sbc/sbcweb/scratch/arnee/Pmodeller5.20436.kmXNBw/pcons5.20436.26007/CA/20436.1JIG_A.foldfit.9.bb  0.6260  0.2572  0.0248  0.2554  1.2111  0.0000  0.0000
SCORE /afs/pdc.kth.se/projects/sbc/sbcweb/scratch/arnee/Pmodeller5.20436.kmXNBw/pcons5.20436.26007/CA/20436.1CUN_A.foldfit.10.bb  1.3515  0.9781  1.0650  0.2770  1.6785  0.0000  0.0000
SCORE /afs/pdc.kth.se/projects/sbc/sbcweb/scratch/arnee/Pmodeller5.20436.kmXNBw/pcons5.20436.26007/CA/20436.1L9Z_H.orfeus.1.bb  0.5882  0.7013  0.4021  0.0000  0.0000  0.4311  0.0000
SCORE /afs/pdc.kth.se/projects/sbc/sbcweb/scratch/arnee/Pmodeller5.20436.kmXNBw/pcons5.20436.26007/CA/20436.1IW7_F.orfeus.2.bb  0.9418  0.8461  0.5826  0.0951  0.7135  0.4024  0.0000
SCORE /afs/pdc.kth.se/projects/sbc/sbcweb/scratch/arnee/Pmodeller5.20436.kmXNBw/pcons5.20436.26007/CA/20436.1L0O_C.orfeus.3.bb  0.8694  0.6054  0.7169  0.0868  0.9288  0.3275  0.0000
SCORE /afs/pdc.kth.se/projects/sbc/sbcweb/scratch/arnee/Pmodeller5.20436.kmXNBw/pcons5.20436.26007/CA/20436.5EAS.orfeus.4.bb  0.6975  0.2863  0.2679  0.2163  0.9804  0.2933  0.0000
SCORE /afs/pdc.kth.se/projects/sbc/sbcweb/scratch/arnee/Pmodeller5.20436.kmXNBw/pcons5.20436.26007/CA/20436.1IZO_A.orfeus.5.bb  1.1397  0.9017  1.3378  0.1686  0.7417  0.2878  0.0000
SCORE /afs/pdc.kth.se/projects/sbc/sbcweb/scratch/arnee/Pmodeller5.20436.kmXNBw/pcons5.20436.26007/CA/20436.1FX0_B.orfeus.6.bb  1.0363  0.7464  1.0094  0.1314  0.9990  0.2867  0.0000
SCORE /afs/pdc.kth.se/projects/sbc/sbcweb/scratch/arnee/Pmodeller5.20436.kmXNBw/pcons5.20436.26007/CA/20436.1O5H_A.orfeus.7.bb  0.5812  0.2457  0.1547  0.1099  0.9734  0.2867  0.0000
SCORE /afs/pdc.kth.se/projects/sbc/sbcweb/scratch/arnee/Pmodeller5.20436.kmXNBw/pcons5.20436.26007/CA/20436.1DOW_A.orfeus.8.bb  1.3878  0.9479  1.3892  0.1592  1.5758  0.2822  0.0000
SCORE /afs/pdc.kth.se/projects/sbc/sbcweb/scratch/arnee/Pmodeller5.20436.kmXNBw/pcons5.20436.26007/CA/20436.1PN1_A.orfeus.9.bb  1.2165  0.8021  1.1688  0.2224  1.2379  0.2778  0.0000
SCORE /afs/pdc.kth.se/projects/sbc/sbcweb/scratch/arnee/Pmodeller5.20436.kmXNBw/pcons5.20436.26007/CA/20436.2SPC_A.orfeus.10.bb  1.5267  1.2335  1.4090  0.1730  1.4895  0.2767  0.0000
SCORE /afs/pdc.kth.se/projects/sbc/sbcweb/scratch/arnee/Pmodeller5.20436.kmXNBw/pcons5.20436.26007/CA/20436.4HB1.forte1.1.bb  1.0184  0.7098  0.8153  0.1486  1.4545  0.0000  0.0000
SCORE /afs/pdc.kth.se/projects/sbc/sbcweb/scratch/arnee/Pmodeller5.20436.kmXNBw/pcons5.20436.26007/CA/20436.1FIO_A.forte1.2.bb  0.8980  0.7425  0.2567  0.1943  1.2454  0.0000  0.0000
SCORE /afs/pdc.kth.se/projects/sbc/sbcweb/scratch/arnee/Pmodeller5.20436.kmXNBw/pcons5.20436.26007/CA/20436.1JAD_A.forte1.3.bb  1.2239  1.0948  1.9443  0.0900  0.7569  0.0000  0.0000
SCORE /afs/pdc.kth.se/projects/sbc/sbcweb/scratch/arnee/Pmodeller5.20436.kmXNBw/pcons5.20436.26007/CA/20436.1FXK_A.forte1.4.bb  1.2982  1.0776  1.3794  0.1392  1.3769  0.0000  0.0000
SCORE /afs/pdc.kth.se/projects/sbc/sbcweb/scratch/arnee/Pmodeller5.20436.kmXNBw/pcons5.20436.26007/CA/20436.1C1G_A.forte1.5.bb  2.6929  1.1550  2.0749  1.1686  3.4648  0.0000  0.0000
SCORE /afs/pdc.kth.se/projects/sbc/sbcweb/scratch/arnee/Pmodeller5.20436.kmXNBw/pcons5.20436.26007/CA/20436.1JSD_B.forte1.6.bb  0.2962  0.3436  0.0069  0.0323  0.3499  0.0000  0.0000
SCORE /afs/pdc.kth.se/projects/sbc/sbcweb/scratch/arnee/Pmodeller5.20436.kmXNBw/pcons5.20436.26007/CA/20436.1LQ7_A.forte1.7.bb  1.1737  0.7911  0.9410  0.3793  1.2256  0.0000  0.0000
SCORE /afs/pdc.kth.se/projects/sbc/sbcweb/scratch/arnee/Pmodeller5.20436.kmXNBw/pcons5.20436.26007/CA/20436.1SET_A.forte1.8.bb  1.1545  0.9074  0.6773  0.1883  1.5824  0.0000  0.0000
SCORE /afs/pdc.kth.se/projects/sbc/sbcweb/scratch/arnee/Pmodeller5.20436.kmXNBw/pcons5.20436.26007/CA/20436.1IC2_A.forte1.9.bb  1.6818  1.2398  2.0727  0.2368  1.7428  0.0000  0.0000
SCORE /afs/pdc.kth.se/projects/sbc/sbcweb/scratch/arnee/Pmodeller5.20436.kmXNBw/pcons5.20436.26007/CA/20436.1F5N_A.forte1.10.bb  0.9059  0.9296  1.1403  0.0520  0.5833  0.0000  0.0000
SCORE /afs/pdc.kth.se/projects/sbc/sbcweb/scratch/arnee/Pmodeller5.20436.kmXNBw/pcons5.20436.26007/CA/20436.1OXZ_A.pdbblast.1.bb  1.4121  1.1582  0.9850  0.1235  1.1655  0.6748  0.0000
SCORE /afs/pdc.kth.se/projects/sbc/sbcweb/scratch/arnee/Pmodeller5.20436.kmXNBw/pcons5.20436.26007/CA/20436.1GIQ_A.pdbblast.2.bb  0.5031  0.0525  0.0000  0.1687  0.7710  0.5069  0.0000
SCORE /afs/pdc.kth.se/projects/sbc/sbcweb/scratch/arnee/Pmodeller5.20436.kmXNBw/pcons5.20436.26007/CA/20436.1CYG.pdbblast.3.bb  0.2189  0.1111  0.0000 -0.0148  0.0916  0.4541  0.0000
SCORE /afs/pdc.kth.se/projects/sbc/sbcweb/scratch/arnee/Pmodeller5.20436.kmXNBw/pcons5.20436.26007/CA/20436.1HA0_A.pdbblast.4.bb  0.5177  0.3721  0.0000  0.0751  0.5535  0.3941  0.0000
SCORE /afs/pdc.kth.se/projects/sbc/sbcweb/scratch/arnee/Pmodeller5.20436.kmXNBw/pcons5.20436.26007/CA/20436.1MQL_B.pdbblast.5.bb  0.4980  0.3457  0.0000  0.0760  0.5943  0.3408  0.0000
SCORE /afs/pdc.kth.se/projects/sbc/sbcweb/scratch/arnee/Pmodeller5.20436.kmXNBw/pcons5.20436.26007/CA/20436.1F38_A.pdbblast.7.bb  0.0867  0.0000  0.0000 -0.0152  0.1353  0.1889  0.0000
SCORE /afs/pdc.kth.se/projects/sbc/sbcweb/scratch/arnee/Pmodeller5.20436.kmXNBw/pcons5.20436.26007/CA/20436.1H1N_A.pdbblast.8.bb  0.0900  0.0006  0.0000  0.0096  0.1590  0.1289  0.0000
SCORE /afs/pdc.kth.se/projects/sbc/sbcweb/scratch/arnee/Pmodeller5.20436.kmXNBw/pcons5.20436.26007/CA/20436.1KPR_A.pdbblast.9.bb  0.1004  0.0023  0.0000  0.0207  0.1953  0.1061  0.0000
SCORE /afs/pdc.kth.se/projects/sbc/sbcweb/scratch/arnee/Pmodeller5.20436.kmXNBw/pcons5.20436.26007/CA/20436.1BAJ.pdbblast.10.bb  0.2444  0.0095  0.0000  0.1341  0.5073  0.0583  0.0000
