20436.1LQ7_A.inbgu.1.bb  1.0748  0.5740  0.7861  0.3603  0.6541  0.6564  0.0000
20436.2SPC_A.inbgu.2.bb  1.3180  1.1786  1.4631  0.1354  1.1970  0.0000  0.0000
20436.1FAP_B.inbgu.3.bb  1.1746  0.5934  0.8091  0.4211  1.6197  0.0000  0.0000
20436.1L8D_A.inbgu.4.bb  1.3766  1.3300  1.5249  0.1096  1.1331  0.0000  0.0000
20436.1SFC_C.inbgu.5.bb  1.7536  1.2507  1.5575  0.3228  2.1708  0.0000  0.0000
20436.1NG1.inbgu.6.bb  1.3143  0.7241  1.0391  0.3456  1.8964  0.0000  0.0000
20436.1E6I_A.inbgu.7.bb  0.8194  0.5542  0.5842  0.1871  1.0944  0.0000  0.0000
20436.1JFE_D.inbgu.8.bb  1.4286  1.2322  1.5518  0.1809  1.3306  0.0000  0.0000
20436.1NKP_A.inbgu.10.bb  1.0593  0.8413  0.6569  0.1851  1.3780  0.0000  0.0000
20436.1LQ7_A.foldfit.2.bb  0.9908  0.7629  0.9035  0.3764  0.6279  0.0000  0.0000
20436.1NSG_B.foldfit.3.bb  1.3110  0.7465  0.9650  0.4524  1.6366  0.0000  0.0000
20436.1SFC_C.foldfit.4.bb  1.7757  1.3001  1.5575  0.3186  2.1660  0.0000  0.0000
20436.256B_A.foldfit.5.bb  1.4805  0.8820  1.1668  0.4463  1.8693  0.0000  0.0000
20436.1L8D_A.foldfit.6.bb  1.3791  1.3625  1.5180  0.1003  1.1054  0.0000  0.0000
20436.1NWM_X.foldfit.7.bb  0.9775  0.8371  0.7525  0.1617  1.0631  0.0000  0.0000
20436.1EBO_A.foldfit.8.bb  0.9344  0.8929  0.7516  0.1052  0.9273  0.0000  0.0000
20436.1JIG_A.foldfit.9.bb  0.6260  0.2572  0.0248  0.2554  1.2111  0.0000  0.0000
20436.1CUN_A.foldfit.10.bb  1.3515  0.9781  1.0650  0.2770  1.6785  0.0000  0.0000
20436.1L9Z_H.orfeus.1.bb -0.3193  0.7013  0.4021 -1.0000 -1.0000  0.4311  0.0000
20436.1IW7_F.orfeus.2.bb  0.9418  0.8461  0.5826  0.0951  0.7135  0.4024  0.0000
20436.1L0O_C.orfeus.3.bb  0.8694  0.6054  0.7169  0.0868  0.9288  0.3275  0.0000
20436.5EAS.orfeus.4.bb  0.6975  0.2863  0.2679  0.2163  0.9804  0.2933  0.0000
20436.1IZO_A.orfeus.5.bb  1.1397  0.9017  1.3378  0.1686  0.7417  0.2878  0.0000
20436.1FX0_B.orfeus.6.bb  1.0363  0.7464  1.0094  0.1314  0.9990  0.2867  0.0000
20436.1O5H_A.orfeus.7.bb  0.5812  0.2457  0.1547  0.1099  0.9734  0.2867  0.0000
20436.1DOW_A.orfeus.8.bb  1.3878  0.9479  1.3892  0.1592  1.5758  0.2822  0.0000
20436.1PN1_A.orfeus.9.bb  1.2165  0.8021  1.1688  0.2224  1.2379  0.2778  0.0000
20436.2SPC_A.orfeus.10.bb  1.5267  1.2335  1.4090  0.1730  1.4895  0.2767  0.0000
20436.4HB1.forte1.1.bb  1.0184  0.7098  0.8153  0.1486  1.4545  0.0000  0.0000
20436.1FIO_A.forte1.2.bb  0.8980  0.7425  0.2567  0.1943  1.2454  0.0000  0.0000
20436.1JAD_A.forte1.3.bb  1.2239  1.0948  1.9443  0.0900  0.7569  0.0000  0.0000
20436.1FXK_A.forte1.4.bb  1.2982  1.0776  1.3794  0.1392  1.3769  0.0000  0.0000
20436.1C1G_A.forte1.5.bb  2.6929  1.1550  2.0749  1.1686  3.4648  0.0000  0.0000
20436.1JSD_B.forte1.6.bb  0.2962  0.3436  0.0069  0.0323  0.3499  0.0000  0.0000
20436.1LQ7_A.forte1.7.bb  1.1737  0.7911  0.9410  0.3793  1.2256  0.0000  0.0000
20436.1SET_A.forte1.8.bb  1.1545  0.9074  0.6773  0.1883  1.5824  0.0000  0.0000
20436.1IC2_A.forte1.9.bb  1.6818  1.2398  2.0727  0.2368  1.7428  0.0000  0.0000
20436.1F5N_A.forte1.10.bb  0.9059  0.9296  1.1403  0.0520  0.5833  0.0000  0.0000
20436.1OXZ_A.pdbblast.1.bb  1.4121  1.1582  0.9850  0.1235  1.1655  0.6748  0.0000
20436.1GIQ_A.pdbblast.2.bb  0.5031  0.0525  0.0000  0.1687  0.7710  0.5069  0.0000
20436.1CYG.pdbblast.3.bb  0.2189  0.1111  0.0000 -0.0148  0.0916  0.4541  0.0000
20436.1HA0_A.pdbblast.4.bb  0.5177  0.3721  0.0000  0.0751  0.5535  0.3941  0.0000
20436.1MQL_B.pdbblast.5.bb  0.4980  0.3457  0.0000  0.0760  0.5943  0.3408  0.0000
20436.1F38_A.pdbblast.7.bb  0.0867  0.0000  0.0000 -0.0152  0.1353  0.1889  0.0000
20436.1H1N_A.pdbblast.8.bb  0.0900  0.0006  0.0000  0.0096  0.1590  0.1289  0.0000
20436.1KPR_A.pdbblast.9.bb  0.1004  0.0023  0.0000  0.0207  0.1953  0.1061  0.0000
20436.1BAJ.pdbblast.10.bb  0.2444  0.0095  0.0000  0.1341  0.5073  0.0583  0.0000
